#median_bin_length(cM)	mean_posterior_tmrca	probability_coalesce_within_10_generation
2.025	100.64	0.0020790662777692517
2.075	99.39	0.0023000740394946823
2.125	98.07	0.0025386792967666575
2.175	96.7	0.0027957020505577027
2.225	95.28	0.003071951252986724
2.275	93.83	0.003368221042446851
2.325	92.35	0.003685287116290126
2.375	90.84	0.004023903287217412
2.425	89.32	0.004384798265442725
2.475	87.79	0.004768672703699868
2.525	86.25	0.005176196536409414
2.575	84.72	0.005608006638023018
2.625	83.18	0.006064704818917835
2.675	81.66	0.006546856170439311
2.725	80.14	0.0070549877639886575
2.775	78.64	0.007589587702614128
2.825	77.16	0.008151104517558185
2.875	75.69	0.008739946896777864
2.925	74.25	0.00935648372770272
2.975	72.83	0.010001044432497821
3.025	71.43	0.010673919570907003
3.075	70.06	0.011375361683372139
3.125	68.72	0.01210558634554585
3.175	67.4	0.012864773404496968
3.225	66.12	0.01365306836678945
3.275	64.86	0.014470583909123955
3.325	63.63	0.01531740148327999
3.375	62.43	0.016193572988593103
3.425	61.26	0.01709912248705866
3.475	60.12	0.01803404793827163
3.525	59.01	0.01899832293371486
3.575	57.93	0.019991898412307873
3.625	56.87	0.02101470434156238
3.675	55.85	0.022066651351091725
3.725	54.85	0.023147632307545213
3.775	53.88	0.024257523822240685
3.825	52.93	0.025396187684818838
3.875	52.02	0.026563472218123038
3.925	51.12	0.027759213551198644
3.975	50.26	0.02898323680880822
4.025	49.41	0.030235357217161352
4.075	48.59	0.031515381126678045
4.125	47.8	0.03282310695353838
4.175	47.02	0.034158326042537476
4.225	46.27	0.03552082345437397
4.275	45.54	0.03691037868096675
4.325	44.83	0.03832676629273269
4.375	44.14	0.0397697565219877
4.425	43.47	0.04123911578675873
4.475	42.82	0.04273460715934499
4.525	42.18	0.044255990783941435
4.575	41.56	0.045803024247555515
4.625	40.96	0.047375462908326206
4.675	40.38	0.048973060185186885
4.725	39.81	0.05059556781262755
4.775	39.26	0.05224273606410192
4.825	38.72	0.053914313947404285
4.875	38.19	0.05561004937511232
4.925	37.68	0.057329689312963894
4.975	37.18	0.05907297990880344
5.025	36.7	0.060839666604516535
5.075	36.23	0.06262949423314738
5.125	35.77	0.06444220710319365
5.175	35.32	0.06627754907187274
5.225	34.88	0.06813526360896936
5.275	34.45	0.07001509385270244
5.325	34.04	0.07191678265888517
5.375	33.63	0.07384007264450979
5.425	33.23	0.07578470622674358
5.475	32.84	0.0777504256582057
5.525	32.47	0.07973697305927659
5.575	32.1	0.08174409044808868
5.625	31.74	0.08377151976875868
5.675	31.38	0.08581900291833269
5.725	31.04	0.08788628177284599
5.775	30.7	0.0899730982128338
5.825	30.37	0.09207919414856257
5.875	30.05	0.09420431154521414
5.925	29.73	0.09634819244819604
5.975	29.42	0.0985105790087208
6.025	29.12	0.10069121350975915
6.075	28.83	0.10288983839244342
6.125	28.54	0.10510619628297346
6.175	28.25	0.10734003002005131
6.225	27.97	0.10959108268286169
6.275	27.7	0.11185909761958848
6.325	27.43	0.11414381847645493
6.375	27.17	0.11644498922726
6.425	26.92	0.11876235420337551
6.475	26.66	0.12109565812416327
6.525	26.42	0.12344464612776598
6.575	26.18	0.1258090638022226
6.625	25.94	0.12818865721685438
6.675	25.7	0.1305831729538713
6.725	25.48	0.1329923581401377
6.775	25.25	0.1354159604790515
6.825	25.03	0.13785372828247555
6.875	24.81	0.14030541050267142
6.925	24.6	0.14277075676418635
6.975	24.39	0.1452495173956374
7.025	24.19	0.14774144346135304
7.075	23.99	0.15024628679281946
7.125	23.79	0.1527638000198936
7.175	23.59	0.15529373660173948
7.225	23.4	0.1578358508574491
7.275	23.21	0.16038989799631453
7.325	23.03	0.16295563414771574
7.375	22.84	0.16553281639059245
7.425	22.67	0.16812120278247483
7.475	22.49	0.17072055238804354
7.525	22.32	0.17333062530719548
7.575	22.14	0.17595118270259696
7.625	21.98	0.1785819868267003
7.675	21.81	0.18122280104821004
7.725	21.65	0.1838733898779797
7.775	21.49	0.18653351899432757
7.825	21.33	0.18920295526776273
7.875	21.17	0.19188146678510215
7.925	21.02	0.19456882287298005
7.975	20.87	0.1972647941207368
8.025	20.72	0.19996915240268204
8.075	20.57	0.20268167089972997
8.125	20.43	0.20540212412040126
8.175	20.29	0.20813028792118962
8.225	20.15	0.21086593952629462
8.275	20.01	0.21360885754671732
8.325	19.87	0.2163588219987217
8.375	19.74	0.21911561432166293
8.425	19.6	0.22187901739518723
8.475	19.47	0.22464881555580132
8.525	19.34	0.2274247946128209
8.575	19.22	0.23020674186370085
8.625	19.09	0.2329944461087503
8.675	18.97	0.23578769766524343
8.725	18.84	0.2385862883809227
8.775	18.72	0.2413900116469135
8.825	18.6	0.24419866241004595
8.875	18.49	0.24701203718459652
8.925	18.37	0.2498299340634583
8.975	18.26	0.25265215272874203
9.025	18.14	0.25547849446182297
9.075	18.03	0.25830876215283527
9.125	17.92	0.2611427603096271
9.175	17.81	0.26398029506618337
9.225	17.7	0.26682117419052226
9.275	17.6	0.2696652070920804
9.325	17.49	0.27251220482858973
9.375	17.39	0.27536198011245533
9.425	17.29	0.2782143473166515
9.475	17.19	0.2810691224801317
9.525	17.09	0.28392612331277384
9.575	16.99	0.2867851691998598
9.625	16.89	0.28964608120610813
9.675	16.79	0.2925086820792626
9.725	16.7	0.2953727962532452
9.775	16.6	0.29823824985088504
9.825	16.51	0.3011048706862352
9.875	16.42	0.3039724882664764
9.925	16.33	0.3068409337934316
9.975	16.24	0.3097100401646814
10.025	16.15	0.3125796419743093
10.075	16.06	0.31544957551326386
10.125	15.97	0.3183196787693724
10.175	15.89	0.3211897914269854
10.225	15.8	0.3240597548662845
10.275	15.72	0.3269294121622471
10.325	15.63	0.32979860808328654
10.375	15.55	0.33266718908956544
10.425	15.47	0.33553500333099734
10.475	15.39	0.33840190064494274
10.525	15.31	0.3412677325536089
10.575	15.23	0.3441323522611585
10.625	15.15	0.34699561465053
10.675	15.07	0.349857376279993
10.725	15.0	0.35271749537942687
10.775	14.92	0.35557583184634556
10.825	14.85	0.35843224724166234
10.875	14.77	0.36128660478521235
10.925	14.7	0.364138769351037
10.975	14.63	0.36698860746242873
11.025	14.55	0.3698359872867583
11.075	14.48	0.37268077863007465
11.125	14.41	0.37552285293149884
11.175	14.34	0.37836208325740867
11.225	14.27	0.3811983442954152
11.275	14.2	0.38403151234816013
11.325	14.14	0.38686146532691373
11.375	14.07	0.38968808274498806
11.425	14.0	0.39251124571098805
11.475	13.94	0.395330836921878
11.525	13.87	0.3981467406558832
11.575	13.81	0.40095884276524574
11.625	13.74	0.403767030668805
11.675	13.68	0.40657119334445163
11.725	13.61	0.4093712213214177
11.775	13.55	0.41216700667243894
11.825	13.49	0.41495844300578605
11.875	13.43	0.4177454254571538
11.925	13.37	0.4205278506814435
11.975	13.31	0.42330561684440704
12.025	13.25	0.4260786236141977
12.075	13.19	0.4288467721527885
12.125	13.13	0.43160996510730093
12.175	13.07	0.43436810660123176
12.225	13.02	0.4371211022255641
12.275	12.96	0.43986885902981626
12.325	12.9	0.44261128551296963
12.375	12.85	0.44534829161433875
12.425	12.79	0.4480797887043388
12.475	12.74	0.4508056895751916
12.525	12.68	0.45352590843155116
12.575	12.63	0.45624036088106007
12.625	12.58	0.45894896392483564
12.675	12.52	0.46165163594790753
12.725	12.47	0.4643482967095781
12.775	12.42	0.4670388673337403
12.825	12.37	0.4697232702991358
12.875	12.31	0.4724014294295665
12.925	12.26	0.4750732698840627
12.975	12.21	0.47773871814700203
13.025	12.16	0.4803977020181902
13.075	12.11	0.48305015060291284
13.125	12.06	0.4856959943019372
13.175	12.02	0.48833516480149947
13.225	11.97	0.49096759506324833
13.275	11.92	0.4935932193141778
13.325	11.87	0.4962119730365212
13.375	11.82	0.498823792957633
13.425	11.78	0.5014286170398543
13.475	11.73	0.5040263844703586
13.525	11.68	0.5066170356509803
13.575	11.64	0.5092005121880412
13.625	11.59	0.5117767568821616
13.675	11.55	0.5143457137180641
13.725	11.5	0.5169073278543809
13.775	11.46	0.5194615456134435
13.825	11.41	0.5220083144710926
13.875	11.37	0.524547583046468
13.925	11.33	0.5270793010918206
13.975	11.28	0.5296034194823177
14.025	11.24	0.5321198902058617
14.075	11.2	0.5346286663529095
14.125	11.16	0.5371297021063243
14.175	11.12	0.5396229527312028
14.225	11.07	0.5421083745647628
14.275	11.03	0.5445859250062025
14.325	10.99	0.5470555625066107
14.375	10.95	0.5495172465588768
14.425	10.91	0.5519709376876287
14.475	10.87	0.5544165974391867
14.525	10.83	0.5568541883715575
14.575	10.79	0.5592836740444251
14.625	10.75	0.5617050190091949
14.675	10.72	0.5641181887990493
14.725	10.68	0.5665231499190352
14.775	10.64	0.5689198698361834
14.825	10.6	0.5713083169696596
14.875	10.56	0.5736884606809411
14.925	10.53	0.5760602712640361
14.975	10.49	0.5784237199357345
15.025	10.45	0.5807787788258892
15.075	10.42	0.5831254209677302
15.125	10.38	0.5854636202882352
15.175	10.34	0.5877933515985247
15.225	10.31	0.5901145905842868
15.275	10.27	0.5924273137962669
15.325	10.24	0.5947314986407732
15.375	10.2	0.5970271233702477
15.425	10.17	0.5993141670738557
15.475	10.13	0.6015926096681387
15.525	10.1	0.6038624318877002
15.575	10.06	0.6061236152759446
15.625	10.03	0.6083761421758485
15.675	10.0	0.6106199957207946
15.725	9.96	0.6128551598254407
15.775	9.93	0.6150816191766384
15.825	9.9	0.6172993592244084
15.875	9.86	0.6195083661729459
15.925	9.83	0.6217086269717006
15.975	9.8	0.6239001293064868
16.025	9.77	0.6260828615906416
16.075	9.74	0.6282568129562542
16.125	9.7	0.6304219732454326
16.175	9.67	0.632578333001614
16.225	9.64	0.6347258834609465
16.275	9.61	0.6368646165437111
16.325	9.58	0.6389945248457933
16.375	9.55	0.6411156016302212
16.425	9.52	0.6432278408187468
16.475	9.49	0.645331236983481
16.525	9.46	0.6474257853385896
16.575	9.43	0.6495114817320322
16.625	9.4	0.6515883226373766
16.675	9.37	0.6536563051456384
16.725	9.34	0.6557154269572071
16.775	9.31	0.6577656863737988
16.825	9.28	0.6598070822904931
16.875	9.25	0.6618396141877988
16.925	9.22	0.6638632821237949
16.975	9.19	0.6658780867263133
17.025	9.17	0.6678840291851988
17.075	9.14	0.6698811112445947
17.125	9.11	0.6718693351953178
17.175	9.08	0.6738487038672593
17.225	9.06	0.6758192206218758
17.275	9.03	0.6777808893446992
17.325	9.0	0.6797337144379396
17.375	8.97	0.6816777008131187
17.425	8.95	0.6836128538837706
17.475	8.92	0.685539179558204
17.525	8.89	0.6874566842323183
17.575	8.87	0.6893653747824655
17.625	8.84	0.6912652585583835
17.675	8.81	0.6931563433761861
17.725	8.79	0.6950386375114017
17.775	8.76	0.6969121496920687
17.825	8.74	0.6987768890918987
17.875	8.71	0.7006328653234876
17.925	8.69	0.702480088431586
17.975	8.66	0.704318568886417
18.025	8.64	0.7061483175770812
18.075	8.61	0.7079693458049733
18.125	8.59	0.7097816652772946
18.175	8.56	0.7115852881005997
18.225	8.54	0.7133802267743996
18.275	8.51	0.715166494184848
18.325	8.49	0.7169441035984357
18.375	8.46	0.7187130686557889
18.425	8.44	0.7204734033654941
18.475	8.42	0.7222251220979865
18.525	8.39	0.7239682395794949
18.575	8.37	0.7257027708860444
18.625	8.35	0.7274287314375075
18.675	8.32	0.729146136991713
18.725	8.3	0.73085500363862
18.775	8.28	0.7325553477945205
18.825	8.25	0.7342471861963327
18.875	8.23	0.7359305358959057
18.925	8.21	0.7376054142544304
18.975	8.19	0.7392718389368441
19.025	8.16	0.7409298279063451
19.075	8.14	0.7425793994189209
19.125	8.12	0.7442205720179512
19.175	8.1	0.745853364528851
19.225	8.08	0.7474777960537815
19.275	8.05	0.7490938859663931
19.325	8.03	0.7507016539066371
19.375	8.01	0.7523011197756323
19.425	7.99	0.7538923037305614
19.475	7.97	0.755475226179639
19.525	7.95	0.757049907777132
19.575	7.93	0.7586163694184079
19.625	7.9	0.7601746322350685
19.675	7.88	0.7617247175900995
19.725	7.86	0.7632666470730988
19.775	7.84	0.7648004424955344
19.825	7.82	0.766326125886066
19.875	7.8	0.7678437194859027
19.925	7.78	0.769353245744231
19.975	7.76	0.7708547273136609
20.025	7.74	0.7723481870457488
20.075	7.72	0.7738336479865624
20.125	7.7	0.775311133372275
20.175	7.68	0.776780666624833
20.225	7.66	0.7782422713476632
20.275	7.64	0.7796959713214112
20.325	7.62	0.7811417904997465
20.375	7.6	0.7825797530052098
20.425	7.58	0.7840098831251056
20.475	7.56	0.785432205307428
20.525	7.55	0.7868467441568607
20.575	7.53	0.7882535244307957
20.625	7.51	0.7896525710354029
20.675	7.49	0.7910439090217674
20.725	7.47	0.7924275635820307
20.775	7.45	0.7938035600456104
20.825	7.43	0.7951719238754584
20.875	7.41	0.7965326806643428
20.925	7.4	0.7978858561311958
20.975	7.38	0.7992314761174936
21.025	7.36	0.8005695665836793
21.075	7.34	0.8019001536056398
21.125	7.32	0.8032232633711989
21.175	7.31	0.8045389221766892
21.225	7.29	0.8058471564235332
21.275	7.27	0.8071479926148729
21.325	7.25	0.8084414573522631
21.375	7.24	0.8097275773323724
21.425	7.22	0.8110063793437486
21.475	7.2	0.8122778902636109
21.525	7.18	0.8135421370546887
21.575	7.17	0.814799146762097
21.625	7.15	0.8160489465102593
21.675	7.13	0.8172915634998469
21.725	7.11	0.8185270250047864
21.775	7.1	0.819755358369283
21.825	7.08	0.8209765910048897
21.875	7.06	0.8221907503876206
21.925	7.05	0.8233978640550894
21.975	7.03	0.8245979596036888
22.075	7.0	0.8269772070071377
22.125	6.98	0.8281564143238357
22.175	6.97	0.8293287144399898
22.225	6.95	0.8304941352049037
22.275	6.93	0.8316527045105186
22.325	6.92	0.8328044502888423
22.375	6.9	0.8339494005094129
22.425	6.89	0.8350875831768027
22.475	6.87	0.8362190263281567
22.525	6.85	0.8373437580307553
22.575	6.84	0.8384618063796239
22.625	6.82	0.8395731994951674
22.675	6.81	0.8406779655208441
22.725	6.79	0.8417761326208486
22.775	6.78	0.8428677289778768
22.825	6.76	0.8439527827908583
22.875	6.75	0.8450313222727874
22.925	6.73	0.846103375648527
22.975	6.72	0.8471689711526837
23.025	6.7	0.8482281370274881
23.075	6.69	0.8492809015207318
23.125	6.67	0.850327292883706
23.225	6.64	0.8524010692294889
23.275	6.63	0.8534285107144056
23.325	6.61	0.8544496920693917
23.375	6.6	0.8554646415336025
23.425	6.58	0.8564733873380396
23.475	6.57	0.8574759577037038
23.525	6.55	0.8584723808397868
23.575	6.54	0.8594626849418768
23.625	6.53	0.8604468981902083
23.675	6.51	0.8614250487479206
23.725	6.5	0.8623971647593631
23.775	6.48	0.8633632743484119
23.825	6.47	0.8643234056168189
23.875	6.46	0.8652775866425901
23.925	6.44	0.8662258454783882
23.975	6.43	0.867168210149945
24.075	6.4	0.8690353689594622
24.125	6.39	0.8699602190005004
24.175	6.37	0.8708792866804987
24.225	6.36	0.8717925998678908
24.275	6.35	0.8727001863952798
24.325	6.33	0.8736020740580465
24.375	6.32	0.874498290612952
24.525	6.28	0.8771531905909044
24.575	6.27	0.8780269994631265
24.625	6.25	0.8788952753857348
24.675	6.24	0.8797580458562759
24.725	6.23	0.8806153383247074
24.775	6.21	0.8814671801921908
24.825	6.2	0.8823135988099399
24.875	6.19	0.8831546214780546
24.925	6.18	0.8839902754443912
24.975	6.16	0.8848205879034586
25.025	6.15	0.8856455859953309
25.075	6.14	0.8864652968045682
25.125	6.13	0.8872797473591857
25.225	6.1	0.8888929755276607
25.275	6.09	0.8896918069056131
25.325	6.08	0.8904854855551668
25.475	6.04	0.8928358721224698
25.525	6.03	0.8936092065316723
25.675	5.99	0.8958991970648182
25.725	5.98	0.8966526108179185
25.775	5.97	0.8974011100926728
25.825	5.96	0.8981447210260999
25.875	5.94	0.898883469685226
25.975	5.92	0.9003464840941954
26.025	5.91	0.9010708016214302
26.125	5.88	0.9025051862191137
26.225	5.86	0.903920741209695
26.275	5.85	0.9046215214470957
26.425	5.82	0.9066961777572725
26.475	5.81	0.907378585895911
26.525	5.79	0.908056463941586
26.575	5.78	0.9087298369096428
26.675	5.76	0.9100631672755968
26.725	5.75	0.9107231743039511
26.775	5.74	0.9113787755146002
26.825	5.73	0.912029995519646
26.875	5.72	0.9126768588490834
26.975	5.69	0.9139576131878534
27.025	5.68	0.9145915528426063
27.075	5.67	0.9152212331117408
27.125	5.66	0.9158466781081428
27.175	5.65	0.9164679118600527
27.225	5.64	0.917084958310681
27.275	5.63	0.9176978413178416
27.325	5.62	0.9183065846536068
27.375	5.61	0.9189112120039469
27.425	5.6	0.9195117469684146
27.575	5.57	0.9212890322390097
27.625	5.56	0.9218734319159627
27.675	5.55	0.9224538558975676
27.725	5.54	0.9230303272584727
27.775	5.53	0.9236028689848873
27.825	5.52	0.9241715039743469
27.875	5.51	0.9247362550354565
27.925	5.5	0.925297144887686
27.975	5.49	0.9258541961611466
28.025	5.48	0.9264074313963915
28.075	5.47	0.9269568730442111
28.125	5.46	0.9275025434654642
28.175	5.45	0.928044464930887
28.225	5.44	0.9285826596209351
28.275	5.43	0.9291171496256243
28.325	5.42	0.9296479569443771
28.425	5.4	0.9306986110680188
28.475	5.39	0.9312185014176118
28.525	5.38	0.9317347961704349
28.575	5.37	0.9322475168710627
28.675	5.35	0.9332623218374564
28.825	5.32	0.9347582572559041
28.875	5.31	0.935249980961115
28.925	5.3	0.9357382788654881
29.075	5.27	0.9371828254365144
29.125	5.27	0.9376576273414523
29.275	5.24	0.939062178428926
29.375	5.22	0.9399822026805057
29.425	5.21	0.9404373720969776
29.475	5.2	0.9408893395964754
29.525	5.19	0.9413381249812226
29.575	5.18	0.9417837479617519
29.625	5.17	0.9422262281569266
29.675	5.17	0.9426655850940053
29.725	5.16	0.943101838208692
29.775	5.15	0.943535006845208
29.825	5.14	0.9439651102563502
29.975	5.11	0.9452372202958282
30.025	5.1	0.9456552535077924
30.075	5.1	0.9460703163898769
30.125	5.09	0.9464824276481243
30.175	5.08	0.9468916058977792
30.275	5.06	0.9477012373790553
30.325	5.05	0.9481017273882697
30.375	5.04	0.9484993579443342
30.525	5.02	0.949675274074342
30.575	5.01	0.950061647548857
30.625	5.0	0.9504452514865838
30.675	4.99	0.9508261036018024
30.725	4.99	0.9512042215194842
30.775	4.98	0.9515796227754587
30.825	4.97	0.9519523248165669
30.875	4.96	0.952322345000838
30.975	4.94	0.9530544087879225
31.025	4.94	0.9534164866642751
31.075	4.93	0.9537759512312379
31.125	4.92	0.9541328194054048
31.275	4.9	0.955188013422419
31.375	4.88	0.9558788003353842
31.475	4.86	0.9565596002474783
31.525	4.86	0.9568962957910471
31.625	4.84	0.9575623587248686
31.675	4.83	0.9578917581263003
31.725	4.83	0.9582187573490083
31.775	4.82	0.9585433721851261
31.825	4.81	0.9588656183418207
31.875	4.8	0.9591855114415222
31.925	4.79	0.9595030670221583
32.275	4.74	0.9616617931031453
32.325	4.73	0.9619611978353388
32.425	4.72	0.9625534176843485
32.475	4.71	0.9628462621319775
32.625	4.69	0.9637119078404855
32.675	4.68	0.9639962084680161
32.825	4.66	0.964836565600842
32.925	4.65	0.9653864901279955
32.975	4.64	0.9656584000249157
33.025	4.63	0.9659282933604235
33.075	4.63	0.966196183798547
33.125	4.62	0.9664620849250497
33.175	4.61	0.9667260102477215
33.225	4.6	0.9669879731966408
33.275	4.6	0.9672479871244862
33.375	4.58	0.9677622209422605
33.425	4.58	0.9680164671530167
33.475	4.57	0.9682688169849275
33.525	4.56	0.9685192834078628
33.625	4.55	0.9690146175281382
33.775	4.53	0.9697438130512305
33.875	4.51	0.9702208865640807
34.075	4.49	0.9711537432649782
34.175	4.47	0.9716097214917702
34.225	4.47	0.9718351401683537
34.325	4.45	0.9722808959745092
34.425	4.44	0.9727199546567904
34.575	4.42	0.9733661885681799
34.675	4.41	0.9737889085952129
34.825	4.39	0.9744110601509763
34.875	4.38	0.974615307533832
34.925	4.38	0.9748180050090484
34.975	4.37	0.9750191634715629
35.025	4.36	0.9752187937492707
35.075	4.36	0.9754169066033241
35.125	4.35	0.9756135127284398
35.275	4.33	0.9761943966871097
35.325	4.33	0.9763850815254795
35.375	4.32	0.9765743121225282
35.425	4.31	0.976762098780701
35.475	4.31	0.9769484517381314
35.575	4.3	0.9773168971835061
35.625	4.29	0.9774990098288321
35.675	4.28	0.9776797290887892
35.725	4.28	0.9778590648844433
35.775	4.27	0.9780370270743526
36.025	4.24	0.9789065746495178
36.125	4.23	0.9792451165737514
36.325	4.21	0.9799067110625754
36.625	4.17	0.9808614788173374
36.725	4.16	0.981169988313958
36.925	4.14	0.9817728066267042
36.975	4.13	0.9819206025761269
37.175	4.11	0.9825004036456074
37.325	4.09	0.9829235330032522
37.375	4.09	0.9830623867104836
37.425	4.08	0.9832001590259439
37.475	4.08	0.9833368578591873
37.525	4.07	0.9834724910675335
37.575	4.06	0.9836070664563082
37.625	4.06	0.9837405917791724
37.675	4.05	0.9838730747383584
37.725	4.05	0.9840045229849863
37.825	4.04	0.9842643456910233
37.925	4.03	0.9845201200941877
38.025	4.02	0.9847719055910685
38.075	4.01	0.9848963208444319
38.125	4.0	0.9850197607867817
38.175	4.0	0.985142232621526
38.225	3.99	0.9852637435036904
38.275	3.99	0.9853843005401987
38.375	3.98	0.9856225812650118
38.425	3.97	0.98574031892905
38.525	3.96	0.9859730234465799
38.575	3.96	0.9860880039944072
38.625	3.95	0.9862020791205943
38.775	3.94	0.9865389390581109
38.825	3.93	0.9866494593590233
38.875	3.93	0.9867591074423417
38.975	3.92	0.9869758129348425
39.025	3.91	0.9870828832225761
39.125	3.9	0.9872944907477618
39.175	3.9	0.9873990406011369
39.225	3.89	0.9875027628535976
39.375	3.88	0.987809025795052
39.425	3.87	0.9879094992212726
39.475	3.87	0.9880091756240086
39.625	3.85	0.9883034823804872
39.725	3.84	0.9884958104775142
39.775	3.84	0.988590829080624
39.925	3.82	0.9888713719282759
39.975	3.82	0.9889634007748132
40.025	3.81	0.9890546962471017
40.175	3.8	0.9893242377014975
40.225	3.79	0.9894126547670241
40.325	3.78	0.9895873761910786
40.375	3.78	0.9896736912245644
40.425	3.77	0.9897593161932671
40.475	3.77	0.9898442563414008
40.625	3.76	0.9900950197525725
40.675	3.75	0.9901772723261762
40.725	3.75	0.990258865751438
40.775	3.74	0.9903398050545892
40.825	3.74	0.9904200952263287
40.925	3.73	0.9905787479618987
41.025	3.72	0.9907348631810527
41.075	3.71	0.9908119813272439
41.125	3.71	0.9908884795519177
41.175	3.71	0.9909643626030384
41.625	3.67	0.9916203940981235
41.675	3.66	0.9916903792175596
41.725	3.66	0.9917597992057036
41.925	3.64	0.9920319144970031
42.075	3.63	0.992230277429828
42.125	3.62	0.9922953305778046
42.225	3.61	0.9924238598401799
42.325	3.6	0.9925503134514435
42.575	3.58	0.9928575757712254
42.825	3.56	0.9931525527941241
43.175	3.53	0.9935457746158863
43.225	3.53	0.9936001315291435
43.725	3.49	0.994119856845646
44.025	3.46	0.9944117885646474
44.225	3.45	0.9945985435906916
44.325	3.44	0.9946896350250899
44.425	3.43	0.994779234339251
44.675	3.41	0.9949968579846279
44.975	3.39	0.9952463918285747
45.025	3.39	0.9952867876935008
45.125	3.38	0.9953665810089948
45.325	3.36	0.9955222475956791
45.375	3.36	0.9955603626720583
45.425	3.36	0.9955981622213517
45.525	3.35	0.995672824786845
45.625	3.34	0.9957462551988095
46.425	3.29	0.996291632494317
46.475	3.28	0.996323358972411
46.525	3.28	0.9963548210917075
46.725	3.26	0.9964780682814669
46.825	3.26	0.9965381602623199
46.925	3.25	0.9965972530011818
47.025	3.24	0.9966553625602902
47.125	3.24	0.9967125047555456
47.175	3.23	0.9967407179677068
47.375	3.22	0.9968512296370565
47.625	3.2	0.9969842420269288
47.675	3.2	0.9970101792105812
47.925	3.18	0.9971366365835785
47.975	3.18	0.9971612945240904
48.025	3.18	0.997185745282017
48.075	3.17	0.9972099905430871
48.125	3.17	0.9972340319799141
48.175	3.17	0.997257871252086
48.725	3.13	0.9975072222601046
48.775	3.13	0.9975287603894306
48.825	3.12	0.9975501167855213
48.875	3.12	0.9975712929352648
48.925	3.12	0.9975922903138916
48.975	3.11	0.9976131103850483
49.775	3.06	0.9979232684652062
49.875	3.06	0.997959153552356
49.925	3.06	0.9979768680844389
50.025	3.05	0.9980118473720485
50.275	3.03	0.9980967290482498
50.925	3.0	0.9983011786433464
51.325	2.97	0.9984161413082947
51.475	2.96	0.9984572589607001
51.625	2.96	0.9984973310245364
51.775	2.95	0.9985363833966784
51.925	2.94	0.9985744413546042
52.075	2.93	0.9986115295705067
52.175	2.92	0.9986357282178489
52.475	2.91	0.9987058718251338
52.525	2.91	0.9987172136966562
52.575	2.9	0.9987284581465868
52.825	2.89	0.9987832473919253
52.925	2.88	0.998804509184993
52.975	2.88	0.9988150030792161
53.075	2.88	0.9988357206845082
53.475	2.85	0.998915097838186
54.025	2.83	0.9990156360120045
54.225	2.82	0.9990498804777086
54.875	2.78	0.9991532965926342
55.325	2.76	0.9992183335026406
55.525	2.75	0.9992456395937439
55.625	2.75	0.9992589390808811
55.775	2.74	0.9992784575526337
57.425	2.66	0.9994624787611408
57.575	2.65	0.9994767130298149
57.675	2.65	0.9994859958900661
59.525	2.57	0.9996312289729431
59.675	2.56	0.9996410521846643
59.775	2.56	0.9996474573569029
60.225	2.54	0.9996749150022496
60.275	2.54	0.9996778326360496
60.625	2.52	0.9996975460791463
60.825	2.52	0.9997082721501644
61.025	2.51	0.9997186231805444
61.275	2.5	0.9997310541620631
62.225	2.46	0.9997735457398936
62.875	2.44	0.9997987306404907
62.925	2.43	0.9998005492950143
63.075	2.43	0.9998059085468074
63.675	2.41	0.9998259609758703
63.875	2.4	0.9998321795568541
64.775	2.37	0.9998575558924373
65.675	2.34	0.9998791362977657
66.025	2.32	0.999886626899087
66.575	2.3	0.9998974813337547
68.675	2.24	0.9999302658620053
69.075	2.23	0.9999352134655349
69.275	2.22	0.9999375554283612
71.225	2.16	0.9999564227135589
72.625	2.12	0.999966369522322
73.675	2.09	0.9999723211089079
74.225	2.08	0.99997500922698
75.175	2.05	0.9999790568128781
76.825	2.01	0.9999846017480297
78.075	1.98	0.9999878088978444
79.425	1.95	0.9999905315656076
81.425	1.91	0.9999934948658155
81.575	1.91	0.9999936757273291
82.625	1.88	0.9999948093885136
83.575	1.86	0.9999956599973991
84.375	1.85	0.999996267865656
85.275	1.83	0.9999968511605027
87.325	1.79	0.9999978634194675
87.375	1.79	0.999997883560607
90.425	1.74	0.9999988136180447
90.775	1.73	0.9999988900052063
92.525	1.7	0.9999992045087132
93.975	1.68	0.999999396680362
94.525	1.67	0.9999994568128086
94.875	1.67	0.9999994919349191
97.275	1.63	0.9999996789419228
98.825	1.61	0.9999997614374971
115.925	1.42	0.9999999912141395
119.625	1.39	0.9999999957211908
122.125	1.37	0.9999999973707926
154.725	1.19	0.9999999999956297
