#median_bin_length(cM)	mean_posterior_tmrca	probability_coalesce_within_10_generation
2.025	69.71	0.0012430483829212278
2.075	69.07	0.0013218366402667216
2.125	68.43	0.0014046753896668968
2.175	67.8	0.001491720545296965
2.225	67.17	0.0015831306600568875
2.275	66.55	0.0016790667943595542
2.325	65.94	0.0017796923724212167
2.375	65.33	0.0018851730263783192
2.425	64.73	0.001995676428586731
2.475	64.13	0.0021113721124985025
2.525	63.53	0.002232431282556446
2.575	62.94	0.002359026613596349
2.625	62.36	0.0024913320402992997
2.675	61.78	0.0026295225372916786
2.725	61.21	0.0027737738905462446
2.775	60.63	0.0029242624607938804
2.825	60.07	0.003081164939711039
2.875	59.51	0.0032446580997015704
2.925	58.95	0.00341491853814299
2.975	58.4	0.0035921224170154275
3.025	57.85	0.0037764451988755656
3.075	57.3	0.003968061380177799
3.125	56.76	0.0041671442229789385
3.175	56.22	0.00437386548609181
3.225	55.69	0.004588395156775248
3.275	55.16	0.004810901184063912
3.325	54.63	0.005041549214849889
3.375	54.11	0.0052805023338293325
3.425	53.59	0.005527920808421459
3.475	53.07	0.00578396183975275
3.525	52.56	0.006048779320778235
3.575	52.06	0.006322523602581854
3.625	51.55	0.0066053412698617205
3.675	51.05	0.006897374926561141
3.725	50.56	0.007198762992556138
3.775	50.07	0.007509639512251591
3.825	49.58	0.007830133975874938
3.875	49.09	0.008160371154186273
3.925	48.61	0.008500470947249756
3.975	48.14	0.00885054824783193
4.025	47.67	0.009210712819910242
4.075	47.2	0.009581069192689183
4.125	46.74	0.009961716570434579
4.175	46.28	0.010352748758346247
4.225	45.82	0.010754254104601086
4.275	45.37	0.011166315458607527
4.325	44.92	0.011589010145425198
4.375	44.48	0.012022409956215565
4.425	44.04	0.012466581154505657
4.475	43.61	0.01292158449796521
4.525	43.18	0.013387475275320176
4.575	42.76	0.013864303357951798
4.625	42.34	0.014352113265662188
4.675	41.92	0.014850944246024511
4.725	41.51	0.01536083036667663
4.775	41.11	0.015881800619868065
4.825	40.71	0.016413879038521473
4.875	40.31	0.01695708482303377
4.925	39.92	0.017511432478007148
4.975	39.53	0.018076931958074884
5.025	39.15	0.01865358882196833
5.075	38.77	0.019241404393955285
5.125	38.4	0.01984037593177626
5.175	38.03	0.020450496800201126
5.225	37.67	0.021071756649335218
5.275	37.31	0.021704141596812523
5.325	36.95	0.022347634413029793
5.375	36.6	0.023002214708594315
5.425	36.26	0.023667859123182568
5.475	35.92	0.024344541515035185
5.525	35.59	0.025032233150344356
5.575	35.26	0.025730902891824496
5.625	34.93	0.026440517385795087
5.675	34.61	0.027161041247141728
5.725	34.29	0.02789243724156399
5.775	33.98	0.028634666464560345
5.825	33.68	0.029387688516643733
5.875	33.37	0.030151461674324087
5.925	33.08	0.030925943056439715
5.975	32.78	0.03171108878546111
6.025	32.5	0.032506854143436154
6.075	32.21	0.033313193722285576
6.125	31.93	0.03413006156820188
6.175	31.66	0.034957411319942934
6.225	31.39	0.03579519634085093
6.275	31.12	0.03664336984446607
6.325	30.86	0.03750188501363707
6.375	30.6	0.03837069511306735
6.425	30.35	0.039249753595265
6.475	30.1	0.040139014199895705
6.525	29.85	0.041038431046566064
6.575	29.61	0.04194795872108737
6.625	29.37	0.042867552355298155
6.675	29.14	0.04379716770054054
6.725	28.91	0.04473676119490869
6.775	28.68	0.04568629002440114
6.825	28.46	0.046645712178128795
6.875	28.24	0.04761498649774052
6.925	28.03	0.04859407272123989
6.975	27.81	0.04958293152137985
7.025	27.61	0.0505815245388268
7.075	27.4	0.05158981441029446
7.125	27.2	0.05260776479185222
7.175	27.0	0.0536353403776175
7.225	26.81	0.05467250691404277
7.275	26.62	0.05571923121001115
7.325	26.43	0.056775481142953395
7.375	26.24	0.05784122566119938
7.425	26.06	0.05891643478277393
7.475	25.88	0.06000107959084775
7.525	25.71	0.061095132226047726
7.575	25.54	0.062198565875827394
7.625	25.37	0.06331135476109831
7.675	25.2	0.06443347412031131
7.725	25.03	0.06556490019117699
7.775	24.87	0.06670561019020713
7.825	24.71	0.06785558229025251
7.875	24.56	0.06901479559620652
7.925	24.4	0.0701832301190382
7.975	24.25	0.07136086674831212
8.025	24.1	0.07254768722334444
8.075	23.96	0.07374367410313923
8.125	23.81	0.07494881073524227
8.175	23.67	0.07616308122364304
8.225	23.53	0.07738647039584783
8.275	23.39	0.07861896376924304
8.325	23.26	0.07986054751685795
8.375	23.12	0.08111120843263278
8.425	22.99	0.08237093389629147
8.475	22.86	0.08363971183791129
8.525	22.74	0.08491753070227546
8.575	22.61	0.08620437941309207
8.625	22.49	0.08750024733715422
8.675	22.37	0.08880512424851283
8.725	22.25	0.0901190002927273
8.775	22.13	0.09144186595125581
8.825	22.01	0.09277371200604173
8.875	21.9	0.09411452950434748
8.925	21.78	0.0954643097238847
8.975	21.67	0.0968230441382833
9.025	21.56	0.09819072438294174
9.075	21.46	0.09956734222129329
9.125	21.35	0.10095288951152007
9.175	21.24	0.10234735817374964
9.225	21.14	0.10375074015775543
9.275	21.04	0.10516302741118876
9.325	20.94	0.10658421184836275
9.375	20.84	0.1080142853196055
9.425	20.74	0.1094532395812026
9.475	20.64	0.11090106626593947
9.525	20.55	0.11235775685425808
9.575	20.45	0.11382330264603759
9.625	20.36	0.11529769473300777
9.675	20.27	0.11678092397180222
9.725	20.18	0.11827298095765665
9.775	20.09	0.11977385599875548
9.825	20.0	0.12128353909123203
9.875	19.91	0.12280201989482023
9.925	19.82	0.12432928770916123
9.975	19.74	0.12586533145076342
10.025	19.65	0.12741013963061198
10.075	19.57	0.12896370033243348
10.125	19.49	0.13052600119159927
10.175	19.41	0.13209702937467874
10.225	19.33	0.1336767715596266
10.275	19.25	0.1352652139166053
10.325	19.17	0.13686234208943626
10.375	19.09	0.13846814117767284
10.425	19.01	0.14008259571928802
10.475	18.94	0.14170568967397623
10.525	18.86	0.1433374064070532
10.575	18.79	0.14497772867395436
10.625	18.71	0.14662663860532266
10.675	18.64	0.14828411769267533
10.725	18.57	0.14995014677464552
10.775	18.49	0.15162470602379086
10.825	18.42	0.15330777493395809
10.875	18.35	0.15499933230819998
10.925	18.28	0.15669935624723363
10.975	18.21	0.15840782413843324
11.025	18.15	0.16012471264534975
11.075	18.08	0.1618499976977496
11.125	18.01	0.16358365448216397
11.175	17.95	0.16532565743293975
11.225	17.88	0.16707598022378686
11.275	17.81	0.1688345957598143
11.325	17.75	0.17060147617004184
11.375	17.69	0.17237659280038684
11.425	17.62	0.17415991620711585
11.475	17.56	0.17595141615075088
11.525	17.5	0.17775106159042736
11.575	17.43	0.17955882067869405
11.625	17.37	0.18137466075674702
11.675	17.31	0.1831985483500932
11.725	17.25	0.18503044916463618
11.775	17.19	0.18687032808317205
11.825	17.13	0.18871814916229845
11.875	17.07	0.19057387562971972
11.925	17.01	0.19243746988194985
11.975	16.95	0.19430889348240052
12.025	16.9	0.1961881071598541
12.075	16.84	0.19807507080730688
12.125	16.78	0.19996974348118857
12.175	16.73	0.2018720834009368
12.225	16.67	0.20378204794893565
12.275	16.61	0.20569959367079943
12.325	16.56	0.20762467627600814
12.375	16.5	0.20955725063887734
12.425	16.45	0.211497270799863
12.475	16.39	0.21344468996719823
12.525	16.34	0.21539946051884992
12.575	16.29	0.21736153400479244
12.625	16.23	0.21933086114959646
12.675	16.18	0.22130739185532255
12.725	16.13	0.22329107520471758
12.775	16.07	0.22528185946470836
12.825	16.02	0.22727969209018356
12.875	15.97	0.22928451972806824
12.925	15.92	0.23129628822167417
12.975	15.87	0.23331494261532906
13.025	15.82	0.23534042715927933
13.075	15.77	0.23737268531485822
13.125	15.72	0.2394116597599136
13.175	15.67	0.24145729239449948
13.225	15.62	0.243509524346813
13.275	15.57	0.2455682959793859
13.325	15.52	0.24763354689551523
13.375	15.47	0.2497052159459344
13.425	15.42	0.25178324123571694
13.475	15.37	0.25386756013141315
13.525	15.32	0.2559581092684079
13.575	15.27	0.25805482455850226
13.625	15.23	0.2601576411977094
13.675	15.18	0.2622664936742604
13.725	15.13	0.2643813157768217
13.775	15.09	0.26650204060291105
13.825	15.04	0.2686286005675134
13.875	14.99	0.27076092741188973
13.925	14.95	0.2728989522125776
13.975	14.9	0.27504260539057107
14.025	14.85	0.27719181672068827
14.075	14.81	0.27934651534110777
14.125	14.76	0.2815066297630838
14.175	14.72	0.28367208788082343
14.225	14.67	0.2858428169815274
14.275	14.63	0.2880187437555931
14.325	14.58	0.29019979430696713
14.375	14.54	0.29238589416364874
14.425	14.49	0.2945769682883435
14.475	14.45	0.29677294108924823
14.525	14.41	0.2989737364309839
14.575	14.36	0.30117927764565205
14.625	14.32	0.30338948754402245
14.675	14.27	0.305604288426847
14.725	14.23	0.30782360209628695
14.775	14.19	0.3100473498674608
14.825	14.15	0.3122754525800979
14.875	14.1	0.31450783061030296
14.925	14.06	0.3167444038824197
14.975	14.02	0.31898509188098984
15.025	13.98	0.3212298136628124
15.075	13.93	0.3234784878690824
15.125	13.89	0.3257310327376244
15.175	13.85	0.32798736611519486
15.225	13.81	0.330247405469874
15.275	13.77	0.33251106790351614
15.325	13.73	0.33477827016427575
15.375	13.69	0.3370489286591934
15.425	13.64	0.339322959466844
15.475	13.6	0.341600278350033
15.525	13.56	0.3438808007685514
15.575	13.52	0.34616444189196777
15.625	13.48	0.3484511166124729
15.675	13.44	0.3507407395577514
15.725	13.4	0.35303322510389556
15.775	13.36	0.355328487388342
15.825	13.32	0.3576264403228413
15.875	13.28	0.3599269976064383
15.925	13.24	0.36223007273848135
15.975	13.2	0.3645355790316344
16.025	13.17	0.3668434296249067
16.075	13.13	0.3691535374966795
16.125	13.09	0.37146581547773927
16.175	13.05	0.37378017626430826
16.225	13.01	0.3760965324310634
16.275	12.97	0.3784147964441467
16.325	12.93	0.380734880674167
16.375	12.9	0.3830566974091718
16.425	12.86	0.3853801588676041
16.475	12.82	0.3877051772112357
16.525	12.78	0.39003166455806154
16.575	12.74	0.39235953299516896
16.625	12.71	0.3946886945915679
16.675	12.67	0.3970190614109734
16.725	12.63	0.399350545524557
16.775	12.59	0.4016830590236343
16.825	12.56	0.4040165140323172
16.875	12.52	0.40635082272009937
16.925	12.48	0.40868589731438626
16.975	12.45	0.4110216501129672
17.025	12.41	0.41335799349642033
17.075	12.37	0.41569483994044876
17.125	12.34	0.41803210202814056
17.175	12.3	0.42036969246216754
17.225	12.27	0.422707524076892
17.275	12.23	0.4250455098504007
17.325	12.19	0.4273835629164503
17.375	12.16	0.42972159657633313
17.425	12.12	0.4320595243106455
17.475	12.09	0.43439725979096605
17.525	12.05	0.43673471689144155
17.575	12.02	0.439071809700272
17.625	11.98	0.44140845253109395
17.675	11.95	0.4437445599342639
17.725	11.91	0.44608004670803286
17.775	11.88	0.4484148279096129
17.825	11.84	0.45074881886613566
17.875	11.81	0.4530819351854897
17.925	11.78	0.45541409276705624
17.975	11.74	0.4577452078123106
18.025	11.71	0.46007519683531467
18.075	11.67	0.4624039766730887
18.125	11.64	0.46473146449584324
18.175	11.61	0.46705757781710694
18.225	11.57	0.46938223450370814
18.275	11.54	0.4717053527856343
18.325	11.5	0.4740268512657592
18.375	11.47	0.4763466489294358
18.425	11.44	0.4786646651539508
18.475	11.4	0.48098081971784656
18.525	11.37	0.48329503281010266
18.575	11.34	0.4856072250391747
18.625	11.31	0.48791731744189865
18.675	11.27	0.49022523149224095
18.725	11.24	0.49253088910991494
18.775	11.21	0.49483421266884897
18.825	11.18	0.4971351250055034
18.875	11.14	0.49943354942704427
18.925	11.11	0.5017294097193673
18.975	11.08	0.5040226301549691
19.025	11.05	0.5063131355006758
19.075	11.02	0.5086008510252064
19.125	10.98	0.5108857025065983
19.175	10.95	0.5131676162394658
19.225	10.92	0.5154465190421211
19.275	10.89	0.5177223382635228
19.325	10.86	0.5199950017900796
19.375	10.83	0.5222644380523022
19.425	10.8	0.5245305760312894
19.475	10.77	0.5267933452650589
19.525	10.74	0.5290526758547309
19.575	10.7	0.5313084984705486
19.625	10.67	0.5335607443577349
19.675	10.64	0.5358093453422061
19.725	10.61	0.5380542338361138
19.775	10.58	0.5402953428432424
19.825	10.55	0.5425326059642372
19.875	10.52	0.5447659574016854
19.925	10.49	0.5469953319650355
19.975	10.46	0.5492206650753528
20.025	10.43	0.5514418927699334
20.075	10.4	0.5536589517067522
20.125	10.37	0.5558717791687495
20.175	10.34	0.5580803130679782
20.225	10.31	0.5602844919495754
20.275	10.29	0.5624842549955974
20.325	10.26	0.564679542028692
20.375	10.23	0.5668702935156129
20.425	10.2	0.5690564505705924
20.475	10.17	0.5712379549585525
20.525	10.14	0.5734147490981665
20.575	10.11	0.5755867760647722
20.625	10.08	0.5777539795931348
20.675	10.06	0.5799163040800549
20.725	10.03	0.5820736945868386
20.775	10.0	0.5842260968416079
20.825	9.97	0.586373457241478
20.875	9.94	0.5885157228545752
20.925	9.91	0.5906528414219212
20.975	9.89	0.5927847613591746
21.025	9.86	0.594911431758215
21.075	9.83	0.597032802388609
21.125	9.8	0.5991488236989169
21.175	9.78	0.6012594468178719
21.225	9.75	0.603364623555417
21.275	9.72	0.605464306403608
21.325	9.7	0.6075584485373822
21.375	9.67	0.6096470038151895
21.425	9.64	0.6117299267794959
21.475	9.61	0.6138071726571542
21.525	9.59	0.6158786973596508
21.575	9.56	0.6179444574832094
21.625	9.53	0.6200044103087876
21.675	9.51	0.622058513801939
21.725	9.48	0.6241067266125452
21.775	9.46	0.6261490080744403
21.825	9.43	0.6281853182049066
21.875	9.4	0.6302156177040503
21.925	9.38	0.6322398679540663
21.975	9.35	0.6342580310183771
22.025	9.33	0.6362700696406689
22.075	9.3	0.6382759472438126
22.125	9.27	0.6402756279286652
22.175	9.25	0.6422690764727726
22.225	9.22	0.6442562583289626
22.275	9.2	0.6462371396238257
22.325	9.17	0.6482116871561016
22.375	9.15	0.6501798683949528
22.425	9.12	0.6521416514781497
22.475	9.1	0.6540970052101442
22.525	9.07	0.6560458990600541
22.575	9.05	0.6579883031595493
22.625	9.02	0.6599241883006457
22.675	9.0	0.6618535259334049
22.725	8.97	0.6637762881635396
22.775	8.95	0.6656924477499427
22.825	8.93	0.6676019781021215
22.875	8.9	0.6695048532775396
22.925	8.88	0.6714010479788878
22.975	8.85	0.6732905375512706
23.025	8.83	0.6751732979793069
23.075	8.81	0.6770493058841589
23.125	8.78	0.6789185385204783
23.175	8.76	0.6807809737732844
23.225	8.74	0.6826365901547674
23.275	8.71	0.6844853668010143
23.325	8.69	0.6863272834686746
23.375	8.67	0.6881623205315518
23.425	8.64	0.6899904589771315
23.475	8.62	0.6918116804030467
23.525	8.6	0.6936259670134701
23.575	8.57	0.6954333016154656
23.625	8.55	0.6972336676152567
23.675	8.53	0.6990270490144561
23.725	8.51	0.700813430406231
23.775	8.48	0.7025927969714117
23.825	8.46	0.7043651344745583
23.875	8.44	0.7061304292599574
23.925	8.42	0.7078886682475967
23.975	8.39	0.7096398389290621
24.025	8.37	0.7113839293634092
24.075	8.35	0.7131209281729858
24.125	8.33	0.7148508245392067
24.175	8.31	0.7165736081982882
24.225	8.28	0.7182892694369463
24.275	8.26	0.7199977990880576
24.325	8.24	0.7216991885262736
24.375	8.22	0.7233934296636142
24.425	8.2	0.7250805149450112
24.475	8.18	0.7267604373438359
24.525	8.15	0.7284331903573849
24.575	8.13	0.7300987680023351
24.625	8.11	0.7317571648101832
24.675	8.09	0.7334083758226444
24.725	8.07	0.7350523965870344
24.775	8.05	0.736689223151628
24.825	8.03	0.7383188520609852
24.875	8.01	0.7399412803512729
24.925	7.99	0.7415565055455512
24.975	7.97	0.7431645256490497
25.025	7.95	0.7447653391444268
25.075	7.93	0.7463589449870117
25.125	7.91	0.7479453426000244
25.175	7.89	0.7495245318698013
25.225	7.87	0.7510965131409858
25.275	7.85	0.75266128721173
25.325	7.83	0.7542188553288641
25.375	7.81	0.7557692191830825
25.425	7.79	0.7573123809040972
25.475	7.77	0.7588483430558074
25.525	7.75	0.7603771086314496
25.575	7.73	0.7618986810487455
25.625	7.71	0.7634130641450604
25.675	7.69	0.7649202621725316
25.725	7.67	0.7664202797932352
25.775	7.65	0.7679131220743146
25.825	7.63	0.7693987944831363
25.875	7.61	0.77087730288244
25.925	7.59	0.7723486535254843
25.975	7.57	0.7738128530512127
26.025	7.55	0.7752699084794106
26.075	7.54	0.7767198272058755
26.125	7.52	0.7781626169975959
26.175	7.5	0.779598285987926
26.225	7.48	0.7810268426717898
26.275	7.46	0.7824482959008747
26.325	7.44	0.7838626548788483
26.375	7.43	0.7852699291565767
26.425	7.41	0.7866701286273736
26.475	7.39	0.7880632635222301
26.525	7.37	0.7894493444051024
26.575	7.35	0.7908283821681631
26.625	7.33	0.7922003880271056
26.675	7.32	0.7935653735164596
26.725	7.3	0.7949233504849008
26.775	7.28	0.7962743310906034
26.825	7.26	0.7976183277965985
26.875	7.25	0.7989553533661462
26.925	7.23	0.80028542085814
26.975	7.21	0.8016085436225175
27.025	7.19	0.8029247352957066
27.075	7.18	0.8042340097960823
27.125	7.16	0.8055363813194317
27.175	7.14	0.8068318643344784
27.225	7.12	0.8081204735783959
27.275	7.11	0.8094022240523527
27.325	7.09	0.8106771310170838
27.375	7.07	0.8119452099884975
27.425	7.06	0.8132064767332816
27.475	7.04	0.8144609472645523
27.525	7.02	0.8157086378375283
27.575	7.01	0.8169495649452256
27.625	6.99	0.8181837453141737
27.675	6.97	0.8194111959001703
27.725	6.96	0.8206319338840573
27.775	6.94	0.8218459766675207
27.825	6.92	0.8230533418689238
27.875	6.91	0.8242540473191687
27.925	6.89	0.8254481110575782
27.975	6.88	0.8266355513278161
28.025	6.86	0.8278163865738314
28.075	6.84	0.8289906354358314
28.125	6.83	0.8301583167462897
28.175	6.81	0.8313194495259758
28.225	6.8	0.8324740529800154
28.275	6.78	0.8336221464940012
28.325	6.76	0.8347637496300955
28.375	6.75	0.8358988821232054
28.425	6.73	0.8370275638771558
28.475	6.72	0.8381498149609088
28.525	6.7	0.8392656556048229
28.575	6.69	0.8403751061969227
28.625	6.67	0.8414781872792124
28.675	6.66	0.8425749195440224
28.725	6.64	0.8436653238303911
28.775	6.63	0.844749421120458
28.825	6.61	0.845827232535911
28.875	6.6	0.8468987793344681
28.925	6.58	0.8479640829063655
28.975	6.57	0.8490231647709089
29.025	6.55	0.8500760465730255
29.075	6.54	0.8511227500798915
29.125	6.52	0.8521632971775426
29.175	6.51	0.8531977098675605
29.225	6.49	0.8542260102637543
29.275	6.48	0.85524822058891
29.325	6.46	0.85626436317155
29.375	6.45	0.8572744604427341
29.425	6.44	0.8582785349328869
29.475	6.42	0.8592766092686571
29.525	6.41	0.8602687061698376
29.575	6.39	0.8612548484462634
29.625	6.38	0.8622350589947997
29.675	6.36	0.8632093607963296
29.725	6.35	0.864177776912775
29.775	6.34	0.8651403304841705
29.825	6.32	0.8660970447257457
29.875	6.31	0.8670479429250555
29.925	6.3	0.8679930484391418
29.975	6.28	0.868932384691721
30.025	6.27	0.8698659751704096
30.075	6.25	0.8707938434239784
30.125	6.24	0.8717160130596382
30.175	6.23	0.8726325077403663
30.225	6.21	0.8735433511822543
30.275	6.2	0.8744485671518898
30.325	6.19	0.8753481794637848
30.375	6.17	0.8762422119778002
30.425	6.16	0.8771306885966474
30.475	6.15	0.878013633263392
30.525	6.13	0.8788910699589889
30.575	6.12	0.8797630226998626
30.625	6.11	0.8806295155355103
30.675	6.09	0.8814905725461348
30.725	6.08	0.8823462178403162
30.775	6.07	0.8831964755527009
30.825	6.06	0.8840413698417311
30.875	6.04	0.8848809248874092
30.925	6.03	0.8857151648890776
30.975	6.02	0.8865441140632366
31.025	6.01	0.8873677966414033
31.075	5.99	0.8881862368679682
31.125	5.98	0.8889994589981242
31.175	5.97	0.8898074872957911
31.225	5.96	0.8906103460315773
31.275	5.94	0.8914080594807876
31.325	5.93	0.8922006519214359
31.375	5.92	0.8929881476323017
31.425	5.91	0.8937705708910084
31.475	5.89	0.8945479459721329
31.525	5.88	0.8953202971453434
31.575	5.87	0.8960876486735632
31.625	5.86	0.8968500248111676
31.675	5.85	0.8976074498021965
31.725	5.83	0.8983599478786005
31.775	5.82	0.8991075432585278
31.825	5.81	0.8998502601446177
31.875	5.8	0.9005881227223227
31.925	5.79	0.9013211551582737
31.975	5.77	0.902049381598656
32.025	5.76	0.9027728261676167
32.075	5.75	0.9034915129657006
32.125	5.74	0.9042054660683033
32.175	5.73	0.9049147095241559
32.225	5.72	0.9056192673538428
32.275	5.71	0.9063191635483278
32.325	5.69	0.9070144220675163
32.375	5.68	0.9077050668388328
32.425	5.67	0.908391121755845
32.475	5.66	0.9090726106768816
32.525	5.65	0.9097495574236922
32.575	5.64	0.9104219857801362
32.625	5.63	0.9110899194908727
32.675	5.62	0.9117533822600972
32.725	5.6	0.9124123977502969
32.775	5.59	0.9130669895810097
32.825	5.58	0.9137171813276281
32.875	5.57	0.9143629965202221
32.925	5.56	0.9150044586423761
32.975	5.55	0.9156415911300416
33.025	5.54	0.9162744173704462
33.075	5.53	0.9169029607009788
33.125	5.52	0.9175272444081193
33.175	5.51	0.9181472917263986
33.225	5.5	0.9187631258373671
33.275	5.48	0.9193747698685675
33.325	5.47	0.9199822468925732
33.375	5.46	0.9205855799260023
33.425	5.45	0.9211847919285685
33.475	5.44	0.9217799058021673
33.525	5.43	0.9223709443899469
33.575	5.42	0.9229579304754427
33.625	5.41	0.923540886781685
33.675	5.4	0.9241198359703674
33.725	5.39	0.9246948006409961
33.775	5.38	0.9252658033300981
33.825	5.37	0.9258328665104073
33.875	5.36	0.926396012590095
33.925	5.35	0.9269552639120213
33.975	5.34	0.9275106427529746
34.025	5.33	0.9280621713229684
34.075	5.32	0.9286098717645201
34.125	5.31	0.9291537661519701
34.175	5.3	0.9296938764908149
34.225	5.29	0.9302302247170402
34.275	5.28	0.9307628326964904
34.325	5.27	0.9312917222242548
34.375	5.26	0.9318169150240468
34.425	5.25	0.9323384327476179
34.475	5.24	0.9328562969741966
34.525	5.23	0.933370529209914
34.575	5.22	0.9338811508872737
34.625	5.21	0.934388183364618
34.675	5.2	0.9348916479256209
34.725	5.19	0.9353915657787826
34.775	5.18	0.9358879580569498
34.825	5.17	0.9363808458168549
34.875	5.17	0.9368702500386531
34.925	5.16	0.9373561916254871
34.975	5.15	0.937838691403057
35.025	5.14	0.9383177701192121
35.075	5.13	0.9387934484435513
35.125	5.12	0.9392657469670354
35.175	5.11	0.9397346862016221
35.225	5.1	0.9402002865798931
35.275	5.09	0.9406625684547237
35.325	5.08	0.9411215520989382
35.375	5.07	0.9415772577049916
35.425	5.06	0.9420297053846667
35.475	5.05	0.9424789151687657
35.525	5.05	0.9429249070068375
35.575	5.04	0.943367700766892
35.625	5.03	0.9438073162351581
35.675	5.02	0.9442437731158075
35.725	5.01	0.9446770910307394
35.775	5.0	0.945107289519344
35.825	4.99	0.9455343880382839
35.875	4.98	0.9459584059612907
35.925	4.97	0.9463793625789706
35.975	4.97	0.9467972770986232
36.025	4.96	0.9472121686440566
36.075	4.95	0.947624056255435
36.125	4.94	0.9480329588891229
36.175	4.93	0.9484388954175343
36.225	4.92	0.9488418846290035
36.275	4.91	0.9492419452276618
36.325	4.91	0.9496390958333178
36.375	4.9	0.9500333549813565
36.425	4.89	0.9504247411226364
36.475	4.88	0.9508132726234042
36.525	4.87	0.9511989677652247
36.575	4.86	0.9515818447448929
36.625	4.86	0.9519619216743844
36.675	4.85	0.9523392165808017
36.725	4.84	0.9527137474063276
36.775	4.83	0.9530855320081824
36.825	4.82	0.9534545881586094
36.875	4.81	0.9538209335448337
36.925	4.81	0.9541845857690715
36.975	4.8	0.9545455623485062
37.025	4.79	0.9549038807153034
37.075	4.78	0.9552595582166113
37.125	4.77	0.9556126121145773
37.175	4.77	0.9559630595863842
37.225	4.76	0.9563109177242636
37.275	4.75	0.9566562035355465
37.325	4.74	0.9569989339426977
37.375	4.73	0.957339125783383
37.425	4.73	0.9576767958105068
37.475	4.72	0.9580119606922856
37.525	4.71	0.9583446370123179
37.575	4.7	0.9586748412696673
37.625	4.69	0.9590025898789319
37.675	4.69	0.9593278991703417
37.725	4.68	0.9596507853898437
37.775	4.67	0.9599712646992199
37.825	4.66	0.9602893531761765
37.875	4.66	0.9606050668144512
37.925	4.65	0.960918421523955
37.975	4.64	0.9612294331308626
38.025	4.63	0.9615381173777655
38.075	4.63	0.961844489923784
38.125	4.62	0.9621485663447228
38.175	4.61	0.9624503621331959
38.225	4.6	0.962749892698784
38.275	4.6	0.9630471733681815
38.325	4.59	0.96334221938536
38.375	4.58	0.9636350459117173
38.425	4.57	0.9639256680262521
38.475	4.57	0.9642141007257304
38.525	4.56	0.9645003589248565
38.575	4.55	0.9647844574564508
38.625	4.54	0.9650664110716397
38.675	4.54	0.9653462344400315
38.725	4.53	0.9656239421499153
38.775	4.52	0.9658995487084463
38.825	4.52	0.9661730685418384
38.875	4.51	0.9664445159955898
38.925	4.5	0.9667139053346565
38.975	4.49	0.9669812507436798
39.025	4.49	0.9672465663271922
39.075	4.48	0.9675098661098309
39.125	4.47	0.9677711640365567
39.175	4.47	0.9680304739728754
39.225	4.46	0.9682878097050641
39.275	4.45	0.968543184940386
39.325	4.45	0.9687966133073421
39.375	4.44	0.9690481083558808
39.425	4.43	0.9692976835576573
39.475	4.42	0.9695453523062427
39.525	4.42	0.9697911279173969
39.575	4.41	0.9700350236292856
39.625	4.4	0.9702770526027457
39.675	4.4	0.970517227921523
39.725	4.39	0.9707555625925189
39.775	4.38	0.9709920695460609
39.825	4.38	0.9712267616361427
39.875	4.37	0.9714596516406842
39.925	4.36	0.9716907522617988
39.975	4.36	0.9719200761260448
40.025	4.35	0.9721476357846964
40.075	4.34	0.9723734437140104
40.125	4.34	0.9725975123154893
40.175	4.33	0.9728198539161459
40.225	4.32	0.973040480768789
40.275	4.32	0.9732594050522839
40.325	4.31	0.9734766388718366
40.375	4.3	0.9736921942592529
40.425	4.3	0.9739060831732376
40.475	4.29	0.9741183174996639
40.525	4.28	0.9743289090518452
40.575	4.28	0.9745378695708304
40.625	4.27	0.9747452107256882
40.675	4.27	0.974950944113775
40.725	4.26	0.9751550812610359
40.775	4.25	0.9753576336222911
40.825	4.25	0.9755586125815164
40.875	4.24	0.9757580294521352
40.925	4.23	0.9759558954773109
40.975	4.23	0.9761522218302439
41.025	4.22	0.976347019614443
41.075	4.22	0.9765402998640438
41.125	4.21	0.9767320735440882
41.175	4.2	0.9769223515508227
41.225	4.2	0.9771111447119927
41.275	4.19	0.9772984637871382
41.325	4.18	0.9774843194679006
41.375	4.18	0.9776687223783002
41.425	4.17	0.9778516830750549
41.475	4.17	0.9780332120478725
41.525	4.16	0.9782133197197431
41.575	4.15	0.9783920164472482
41.625	4.15	0.9785693125208527
41.675	4.14	0.9787452181652139
41.725	4.14	0.9789197435394829
41.775	4.13	0.9790928987375934
41.825	4.12	0.9792646937885842
41.875	4.12	0.979435138656884
41.925	4.11	0.9796042432426163
42.025	4.1	0.9799384708472069
42.075	4.09	0.9801036133475375
42.125	4.09	0.980267454528859
42.175	4.08	0.9804300039743358
42.225	4.08	0.9805912712046513
42.275	4.07	0.9807512656783116
42.325	4.07	0.9809099967919386
42.375	4.06	0.9810674738805902
42.425	4.05	0.9812237062180599
42.475	4.05	0.9813787030171608
42.525	4.04	0.9815324734300582
42.575	4.04	0.9816850265485536
42.625	4.03	0.9818363714043884
42.675	4.03	0.9819865169695586
42.725	4.02	0.9821354721566024
42.775	4.01	0.9822832458189117
42.825	4.01	0.9824298467510422
42.875	4.0	0.9825752836889893
42.925	4.0	0.9827195653105196
42.975	3.99	0.9828627002354557
43.025	3.99	0.9830046970259706
43.075	3.98	0.9831455641869157
43.125	3.98	0.983285310166088
43.175	3.97	0.9834239433545536
43.225	3.96	0.9835614720869362
43.275	3.96	0.9836979046417171
43.325	3.95	0.9838332492415415
43.375	3.95	0.983967514053504
43.425	3.94	0.9841007071894566
43.475	3.94	0.9842328367062998
43.525	3.93	0.9843639106062815
43.575	3.93	0.9844939368372975
43.675	3.92	0.9847508778139797
43.725	3.91	0.9848778081863039
43.775	3.91	0.9850037221435605
43.825	3.9	0.9851286273662783
43.875	3.89	0.9852525314823897
43.925	3.89	0.9853754420675295
43.975	3.88	0.9854973666453227
44.025	3.88	0.9856183126876651
44.075	3.87	0.9857382876150353
44.125	3.87	0.985857298796764
44.175	3.86	0.985975353551328
44.225	3.86	0.9860924591466339
44.275	3.85	0.9862086228003185
44.325	3.85	0.986323851680023
44.375	3.84	0.9864381529036744
44.425	3.84	0.9865515335397816
44.475	3.83	0.9866640006077148
44.525	3.83	0.9867755610779815
44.575	3.82	0.9868862218725145
44.625	3.82	0.9869959898649575
44.675	3.81	0.9871048718809348
44.725	3.81	0.9872128746983384
44.825	3.8	0.9874262696119868
44.875	3.79	0.9875316750278422
44.925	3.79	0.9876362278849002
44.975	3.78	0.987739934726537
45.025	3.78	0.9878428020500571
45.075	3.77	0.9879448363069502
45.125	3.77	0.9880460439031891
45.175	3.76	0.9881464311994762
45.225	3.76	0.9882460045115261
45.275	3.75	0.9883447701103374
45.325	3.75	0.988442734222448
45.375	3.74	0.9885399030302148
45.425	3.74	0.9886362826720817
45.475	3.73	0.9887318792428307
45.525	3.73	0.9888266987938622
45.575	3.72	0.9889207473334505
45.675	3.71	0.9891065551973388
45.825	3.7	0.989379632163566
45.875	3.7	0.9894691784262012
45.925	3.69	0.9895579945497414
45.975	3.69	0.9896460862068248
46.025	3.68	0.9897334590293015
46.075	3.68	0.9898201186084661
46.125	3.67	0.9899060704953232
46.175	3.67	0.9899913202008437
46.225	3.66	0.990075873196193
46.275	3.66	0.9901597349130048
46.375	3.65	0.9903254060413178
46.475	3.64	0.9904883762573874
46.525	3.64	0.9905688616893087
46.575	3.63	0.9906486876159125
46.675	3.62	0.9908063815624631
46.725	3.62	0.9908842597933366
46.775	3.61	0.9909614989412151
46.825	3.61	0.9910381040189045
46.875	3.6	0.9911140800025753
46.925	3.6	0.9911894318319986
47.025	3.59	0.991338282606588
47.075	3.59	0.9914117912513892
47.125	3.58	0.9914846951416894
47.175	3.58	0.9915569990387392
47.225	3.57	0.9916287076687875
47.275	3.57	0.9916998257232975
47.325	3.56	0.9917703578591706
47.425	3.56	0.9919096828311764
47.475	3.55	0.9919784848103492
47.525	3.55	0.9920467191574092
47.575	3.54	0.9921143903598267
47.625	3.54	0.9921815028718572
47.675	3.53	0.992248061114739
47.725	3.53	0.9923140694769413
47.775	3.53	0.9923795323143503
47.825	3.52	0.992444453950507
47.875	3.52	0.9925088386768103
47.975	3.51	0.9926360144060525
48.025	3.5	0.9926988138330098
48.075	3.5	0.9927610931985762
48.125	3.5	0.9928228566366398
48.175	3.49	0.9928841082502089
48.225	3.49	0.9929448521116288
48.275	3.48	0.9930050922627728
48.325	3.48	0.9930648327152672
48.375	3.48	0.9931240774506767
48.425	3.47	0.9931828304207218
48.475	3.47	0.9932410955474645
48.525	3.46	0.9932988767235214
48.575	3.46	0.9933561778122632
48.625	3.45	0.9934130026480017
48.675	3.45	0.9934693550361939
48.725	3.45	0.9935252387536401
48.775	3.44	0.9935806575486835
48.825	3.44	0.9936356151413824
48.875	3.43	0.9936901152237267
48.975	3.43	0.9937977574860912
49.025	3.42	0.9938509069114205
49.075	3.42	0.9939036133174064
49.125	3.41	0.9939558802585152
49.175	3.41	0.9940077112622571
49.225	3.41	0.9940591098294016
49.275	3.4	0.9941100794341359
49.325	3.4	0.9941606235242666
49.375	3.39	0.9942107455213878
49.425	3.39	0.9942604488210751
49.475	3.39	0.9943097367930578
49.525	3.38	0.9943586127813918
49.625	3.37	0.9944551420561314
49.675	3.37	0.9945028019039367
49.725	3.37	0.9945500628912538
49.775	3.36	0.9945969282364752
49.825	3.36	0.9946434011333839
49.875	3.36	0.9946894847513259
49.925	3.35	0.9947351822353766
50.025	3.34	0.9948254312617963
50.075	3.34	0.9948699889745127
50.125	3.34	0.9949141728943631
50.175	3.33	0.9949579860476249
50.275	3.33	0.9950445120433372
50.325	3.32	0.9950872308226907
50.375	3.32	0.9951295907095777
50.425	3.31	0.9951715946156068
50.525	3.31	0.995254546019404
50.575	3.3	0.9952954992287646
50.625	3.3	0.9953361078807713
50.725	3.29	0.9954163026948145
50.775	3.29	0.9954558943938951
50.825	3.28	0.9954951526100182
50.875	3.28	0.995534080058405
50.925	3.28	0.9955726794332145
50.975	3.27	0.9956109534077137
51.025	3.27	0.9956489046344189
51.125	3.26	0.995723849351674
51.175	3.26	0.9957608480448497
51.225	3.26	0.9957975343957797
51.275	3.25	0.9958339109554576
51.325	3.25	0.9958699802550035
51.375	3.24	0.9959057448058135
51.425	3.24	0.9959412070996998
51.475	3.24	0.9959763696090397
51.525	3.23	0.9960112347869057
51.575	3.23	0.9960458050672117
51.625	3.23	0.9960800828648503
51.675	3.22	0.996114070575831
51.725	3.22	0.9961477705774181
51.775	3.22	0.9961811852282678
51.825	3.21	0.9962143168685633
51.875	3.21	0.9962471678201473
51.925	3.21	0.996279740386658
51.975	3.2	0.9963120368536634
52.025	3.2	0.9963440594887886
52.125	3.19	0.9964072922449939
52.175	3.19	0.9964385068128111
52.275	3.18	0.9965001433138463
52.325	3.18	0.9965305695896651
52.425	3.17	0.9965906489204085
52.525	3.16	0.9966497113979024
52.575	3.16	0.9966788665446649
52.625	3.16	0.9967077737187089
52.675	3.15	0.9967364349660862
52.725	3.15	0.9967648523166743
52.775	3.15	0.9967930277842845
52.875	3.14	0.996848661046266
52.925	3.14	0.9968761227890485
52.975	3.13	0.9969033505459154
53.025	3.13	0.9969303462521562
53.075	3.13	0.9969571118277218
53.125	3.12	0.9969836491773053
53.175	3.12	0.9970099601904858
53.225	3.12	0.9970360467418214
53.275	3.11	0.9970619106909673
53.325	3.11	0.997087553882792
53.375	3.11	0.9971129781474835
53.425	3.11	0.997138185300649
53.475	3.1	0.9971631771434435
53.525	3.1	0.9971879554626693
53.575	3.1	0.9972125220308821
53.625	3.09	0.9972368786064951
53.675	3.09	0.9972610269338885
53.725	3.09	0.9972849687435251
53.775	3.08	0.9973087057520318
53.825	3.08	0.9973322396623303
53.975	3.07	0.9974016396295078
54.025	3.07	0.9974243779053577
54.075	3.06	0.997446921395394
54.225	3.05	0.9975133993132004
54.275	3.05	0.9975351797579042
54.325	3.05	0.9975567734014394
54.375	3.04	0.9975781818024916
54.425	3.04	0.9975994065072215
54.525	3.04	0.9976413109502956
54.575	3.03	0.9976619937191904
54.625	3.03	0.9976824988530504
54.675	3.03	0.9977028278368335
54.725	3.02	0.9977229821435302
54.775	3.02	0.9977429632342583
54.825	3.02	0.997762772558358
54.925	3.01	0.997801881645664
54.975	3.01	0.9978211842494503
55.075	3.0	0.9978592925929219
55.175	3.0	0.997896747673251
55.225	2.99	0.9979152336562334
55.275	2.99	0.9979335604011457
55.375	2.98	0.9979697415114388
55.425	2.98	0.9979875985171792
55.525	2.97	0.9980228519506938
55.575	2.97	0.9980402509551238
55.625	2.97	0.998057499851688
55.675	2.97	0.9980745999027207
55.725	2.96	0.9980915523602994
55.825	2.96	0.9981250194525959
55.925	2.95	0.9981579109430951
55.975	2.95	0.9981741438611502
56.025	2.95	0.9981902364872643
56.175	2.94	0.9982376843906693
56.225	2.93	0.9982532275778546
56.275	2.93	0.9982686362898884
56.325	2.93	0.9982839116618258
56.375	2.93	0.9982990548194374
56.425	2.92	0.998314066879305
56.475	2.92	0.9983289489488896
56.525	2.92	0.9983437021265938
56.575	2.91	0.9983583275018425
56.625	2.91	0.9983728261551452
56.675	2.91	0.9983871991581724
56.725	2.91	0.9984014475738194
56.875	2.9	0.9984434557952667
56.925	2.89	0.9984572163172682
56.975	2.89	0.9984708574371487
57.075	2.89	0.9984977855089658
57.125	2.88	0.9985110744594062
57.175	2.88	0.9985242480048829
57.225	2.88	0.9985373071242407
57.275	2.87	0.9985502527882935
57.325	2.87	0.9985630859598609
57.425	2.87	0.9985884186373033
57.475	2.86	0.9986009200294739
57.525	2.86	0.9986133127018808
57.575	2.86	0.9986255975783674
57.625	2.86	0.998637775575165
57.675	2.85	0.9986498476009474
57.725	2.85	0.9986618145569074
57.775	2.85	0.9986736773367899
57.825	2.84	0.998685436826976
57.875	2.84	0.9986970939065242
57.925	2.84	0.9987086494472344
57.975	2.84	0.998720104313704
58.125	2.83	0.9987538734068565
58.175	2.83	0.9987649340803262
58.225	2.82	0.9987758982965167
58.475	2.81	0.99882930107108
58.575	2.81	0.9988500152507734
58.625	2.8	0.9988602368560165
58.725	2.8	0.9988804129452438
58.775	2.79	0.9988903689492675
58.825	2.79	0.9989002379290801
58.875	2.79	0.9989100206290065
58.925	2.79	0.998919717787187
59.025	2.78	0.9989388584002252
59.175	2.77	0.9989669458598286
59.225	2.77	0.9989761449281251
59.275	2.77	0.9989852634525062
59.325	2.77	0.998994302123353
59.375	2.76	0.9990032616253017
59.425	2.76	0.9990121426372711
59.575	2.75	0.9990383214378501
59.625	2.75	0.9990468951665351
59.675	2.75	0.9990553937158015
59.875	2.74	0.9990886489503141
59.975	2.73	0.9991048420227922
60.025	2.73	0.999112832094215
60.225	2.72	0.9991440967594245
60.275	2.72	0.9991517420010926
60.425	2.71	0.9991742768656697
60.525	2.71	0.9991889717855486
60.625	2.7	0.9992034093029281
60.825	2.69	0.9992315297378531
60.925	2.69	0.9992452212754397
61.025	2.68	0.9992586726529743
61.125	2.68	0.9992718880019955
61.225	2.67	0.9992848713847056
61.275	2.67	0.9992912773394605
61.475	2.66	0.9993163410347776
61.525	2.66	0.9993224693407877
61.625	2.66	0.9993345641329551
61.675	2.65	0.9993405315521339
61.725	2.65	0.9993464462688152
61.775	2.65	0.9993523087397077
61.975	2.64	0.9993752451650387
62.025	2.64	0.9993808531235201
62.175	2.63	0.9993973812032441
62.275	2.63	0.999408157684474
62.375	2.62	0.9994187442817423
62.525	2.61	0.9994342753163327
62.775	2.6	0.9994592567072074
62.875	2.6	0.999468942065269
63.025	2.59	0.9994831504287763
63.125	2.59	0.9994924138615178
63.375	2.58	0.9995148625959127
63.425	2.57	0.9995192334657654
63.475	2.57	0.9995235655141776
63.625	2.57	0.9995363321043688
63.675	2.56	0.9995405122262483
63.925	2.55	0.9995608619441708
64.325	2.54	0.9995915880212901
64.375	2.53	0.9995952765075492
64.425	2.53	0.9995989321376219
64.725	2.52	0.9996201918820874
64.825	2.52	0.9996270283757464
64.875	2.51	0.9996304009583067
65.275	2.5	0.9996563203794733
65.425	2.49	0.9996655705971244
65.475	2.49	0.9996685990701628
65.575	2.49	0.999674575060533
65.675	2.48	0.999680444686385
65.725	2.48	0.9996833401961488
65.775	2.48	0.9996862098109998
65.825	2.48	0.9996890537588579
66.025	2.47	0.9997001773701312
66.175	2.46	0.9997082614539737
66.225	2.46	0.9997109080382536
66.325	2.46	0.999716130308903
66.375	2.45	0.9997187064114221
66.875	2.43	0.9997432310144844
67.075	2.43	0.999752438645152
67.125	2.43	0.9997546891329169
67.225	2.42	0.9997591296718762
67.275	2.42	0.999761320078889
67.325	2.42	0.9997634908122377
67.375	2.42	0.9997656420459887
67.425	2.41	0.9997677739527062
67.475	2.41	0.999769886703451
67.625	2.41	0.9997761117082458
67.875	2.4	0.9997861191370886
68.075	2.39	0.9997938058215211
68.225	2.38	0.9997993911279117
68.325	2.38	0.9998030313515006
68.375	2.38	0.9998048269114327
68.525	2.37	0.9998101171185894
68.775	2.36	0.9998186210231231
68.925	2.36	0.9998235415503993
69.125	2.35	0.9998298975850415
69.175	2.35	0.9998314509076338
69.375	2.34	0.9998375252312067
69.475	2.34	0.9998404807336276
69.625	2.33	0.9998448146183991
69.675	2.33	0.9998462332187651
69.725	2.33	0.9998476389982146
69.775	2.33	0.9998490320710463
69.825	2.33	0.9998504125505558
69.925	2.32	0.9998531361778202
69.975	2.32	0.9998544795472349
70.025	2.32	0.9998558107666583
70.175	2.32	0.9998597326043449
70.475	2.31	0.9998672625696039
70.625	2.3	0.9998708762261833
70.875	2.29	0.9998766840050236
70.925	2.29	0.9998778141720603
71.025	2.29	0.9998800438622303
71.125	2.28	0.9998822333009622
71.175	2.28	0.9998833131507012
71.225	2.28	0.9998843832055924
71.575	2.27	0.9998916066044633
71.775	2.26	0.9998955318879293
72.075	2.25	0.9999011575900556
72.125	2.25	0.9999020656109091
72.425	2.24	0.999907342963741
72.475	2.24	0.9999081947370121
72.525	2.24	0.9999090387610141
72.725	2.23	0.9999123387478519
72.825	2.23	0.9999139440271618
72.975	2.22	0.9999162975489162
73.325	2.21	0.9999215442260599
73.375	2.21	0.9999222666797378
73.775	2.2	0.9999278141337437
74.025	2.19	0.9999310803351391
74.125	2.19	0.9999323454577048
74.425	2.18	0.9999360044843786
74.575	2.18	0.9999377598123041
74.625	2.17	0.9999383342597976
75.425	2.15	0.9999468425971615
75.525	2.15	0.9999478208150698
75.575	2.15	0.9999483032159426
75.675	2.14	0.9999492548034224
75.825	2.14	0.9999506497438783
75.925	2.14	0.9999515585314798
75.975	2.14	0.9999520066882528
76.025	2.13	0.9999524507372236
76.075	2.13	0.9999528907156368
76.275	2.13	0.9999546106569291
76.325	2.13	0.9999550308296113
76.425	2.12	0.9999558596479381
76.525	2.12	0.9999566733284428
76.675	2.12	0.9999578660628379
76.725	2.11	0.9999582563653017
76.775	2.11	0.9999586430849043
77.025	2.11	0.9999605240687558
77.125	2.1	0.9999612524989555
77.475	2.09	0.9999636986614727
77.525	2.09	0.9999640353841722
77.725	2.09	0.9999653515970979
77.775	2.09	0.9999656731198169
77.875	2.08	0.9999663073196849
78.525	2.07	0.9999701557075416
78.725	2.06	0.9999712496810396
79.025	2.05	0.9999728165234657
79.125	2.05	0.999973319752182
79.175	2.05	0.9999735678915759
79.225	2.05	0.9999738137425086
79.325	2.05	0.9999742986623937
79.425	2.04	0.9999747746767731
79.675	2.04	0.999975926806876
80.175	2.02	0.9999780768016816
80.275	2.02	0.9999784833730536
80.375	2.02	0.9999788824651029
80.725	2.01	0.9999802223333777
81.475	1.99	0.999982816122561
81.775	1.99	0.9999837564667686
82.075	1.98	0.9999846457346065
82.475	1.97	0.9999857567055017
82.675	1.96	0.9999862818963081
82.975	1.96	0.9999870338589132
83.025	1.96	0.9999871551461539
83.225	1.95	0.9999876291379246
83.325	1.95	0.9999878595822888
83.375	1.95	0.9999879732016396
83.725	1.94	0.9999887395227766
84.025	1.93	0.9999893576585888
84.175	1.93	0.9999896539741739
84.325	1.93	0.999989942098164
84.425	1.92	0.9999901297410998
84.775	1.92	0.9999907595361346
85.225	1.91	0.9999915109777892
85.725	1.9	0.9999922749267455
85.775	1.9	0.9999923474600786
85.925	1.89	0.9999925610271396
86.025	1.89	0.9999927001062493
86.125	1.89	0.9999928366028785
86.175	1.89	0.9999929038976625
86.225	1.89	0.9999929705646012
86.325	1.88	0.9999931020381246
86.475	1.88	0.9999932946831123
87.125	1.87	0.9999940695815189
88.075	1.85	0.999995044855159
88.225	1.85	0.9999951835450968
88.425	1.84	0.999995362483559
89.475	1.82	0.9999961989924261
89.525	1.82	0.999996234849473
89.775	1.82	0.999996409154716
89.825	1.81	0.9999964430412633
89.975	1.81	0.9999965428059212
90.175	1.81	0.9999966715125325
90.325	1.81	0.9999967649071425
91.125	1.79	0.9999972207394673
91.225	1.79	0.9999972730304942
91.575	1.78	0.9999974484656458
91.925	1.78	0.9999976126776392
92.225	1.77	0.9999977450400567
92.375	1.77	0.9999978084590317
92.975	1.76	0.9999980448863318
93.125	1.76	0.9999980999173335
93.725	1.74	0.9999983050606188
94.375	1.73	0.9999985025069801
94.475	1.73	0.9999985307820812
94.775	1.73	0.9999986124609885
95.175	1.72	0.9999987143827309
95.775	1.71	0.9999988534693678
95.875	1.71	0.999998875148975
96.075	1.71	0.9999989172924568
97.575	1.68	0.9999991871208369
97.875	1.68	0.9999992324497972
98.375	1.67	0.9999993024767905
98.725	1.66	0.9999993476764084
99.075	1.66	0.9999993899607054
99.575	1.65	0.9999994456779188
99.825	1.65	0.9999994716069817
100.275	1.64	0.9999995152746418
101.375	1.63	0.9999996074826875
103.025	1.6	0.9999997140861494
103.175	1.6	0.9999997222115639
103.675	1.6	0.9999997476717805
106.525	1.56	0.9999998542297266
106.925	1.55	0.9999998650478102
107.375	1.55	0.9999998762650923
107.425	1.55	0.999999877452656
108.175	1.54	0.9999998939624948
108.525	1.54	0.9999999008894743
110.575	1.51	0.9999999333010331
110.625	1.51	0.9999999339427117
110.775	1.51	0.999999935831078
110.975	1.51	0.9999999382654908
112.175	1.49	0.9999999510562247
112.325	1.49	0.9999999524568792
113.125	1.48	0.9999999592794598
113.875	1.48	0.9999999647863677
114.025	1.47	0.9999999657952489
116.175	1.45	0.999999977457569
116.525	1.45	0.9999999789380791
118.025	1.44	0.9999999842607314
118.775	1.43	0.9999999863954447
122.075	1.4	0.9999999928413389
122.525	1.4	0.9999999934420838
123.225	1.39	0.9999999942781879
123.325	1.39	0.9999999943886163
125.025	1.38	0.9999999959717212
130.875	1.33	0.9999999987152651
136.025	1.3	0.9999999995314184
139.075	1.28	0.9999999997424117
140.075	1.27	0.9999999997883307
141.875	1.26	0.9999999998513753
143.675	1.25	0.9999999998956648
144.075	1.25	0.9999999999035567
221.075	1.05	0.9999999999999987
