On host cbsubscb11.biohpc.cornell.edu
Mon Apr  6 22:10:40 EDT 2020
bootstrap for bin 0
bootstrap for bin 1
bootstrap for bin 2
bootstrap for bin 3
bootstrap for bin 4
bootstrap for bin 5
bootstrap for bin 6
bootstrap for bin 7
bootstrap for bin 8
bootstrap for bin 9
bootstrap for bin 10
bootstrap for bin 11
bootstrap for bin 12
frac is [0.5141817  0.20675993 0.09862892 0.05458023 0.0330495  0.02170934
 0.01462661 0.01023927 0.01438629 0.00838822 0.00544601 0.00366639
 0.01433758]
count is 1339.0, redistributed count is [688.48929959 276.85155164 132.0641213   73.08293065  44.25328644
  29.06880415  19.58502527  13.71038736  19.26324643  11.23182066
   7.29220412   4.9093014   19.19802099]
count is 702.0, redistributed count is [298.76493827 142.51727619  78.86759938  47.75602778  31.36966156
  21.13522149  14.79559355  20.78797318  12.12084305   7.86939752
   5.29788301  20.71758501]
count is 407.0, redistributed count is [143.84793613  79.60397296  48.20191782  31.66255484  21.33255752
  14.93373753  20.98206701  12.23401334   7.94287277   5.34734845
  20.91102163]
count is 295.0, redistributed count is [89.23803096 54.03554716 35.49451044 23.91432685 16.74109071 23.52141829
 13.71463283  8.90415767  5.99451044 23.44177466]
count is 196.0, redistributed count is [51.47193766 33.8105437  22.77975899 15.94684283 22.40549119 13.06396924
  8.48171754  5.71011277 22.32962609]
count is 148.0, redistributed count is [34.62276036 23.32698768 16.32992721 22.943729   13.37779955  8.68547032
  5.84728443 22.86604143]
count is 105.0, redistributed count is [21.60339866 15.12333836 21.24845827 12.38933808  8.0437166   5.41523914
 21.17651089]
count is 89.0, redistributed count is [16.13947202 22.67613734 13.22177489  8.58417208  5.77908782 22.59935584]
count is 143.0, redistributed count is [44.50540958 25.94976816 16.84775889 11.3423493  44.35471406]
count is 79.0, redistributed count is [20.81364749 13.51315789  9.09740922 35.57578539]
count is 71.0, redistributed count is [16.48899044 11.10081706 43.41019249]
count is 71.0, redistributed count is [14.45869408 56.54130592]
count is 463.0, redistributed count is [463.]
   direc: array([[1.08421941e+03, 9.39225253e+02, 7.73882073e+02, ...,
        2.18114384e+02, 2.48247705e+02, 2.76900130e+02],
       [0.00000000e+00, 1.00000000e+00, 0.00000000e+00, ...,
        0.00000000e+00, 0.00000000e+00, 0.00000000e+00],
       [3.99454297e+02, 3.89290934e+02, 4.04582348e+02, ...,
        5.11877711e+01, 4.20989320e+01, 3.21461064e+01],
       ...,
       [0.00000000e+00, 0.00000000e+00, 0.00000000e+00, ...,
        1.00000000e+00, 0.00000000e+00, 0.00000000e+00],
       [0.00000000e+00, 0.00000000e+00, 0.00000000e+00, ...,
        0.00000000e+00, 1.00000000e+00, 0.00000000e+00],
       [3.62626519e+01, 7.89697094e+01, 1.17293829e+02, ...,
        8.95586935e+01, 1.31226786e+02, 1.73495091e+02]])
     fun: 2265575.0808326467
 message: 'Optimization terminated successfully.'
    nfev: 513492
     nit: 268
  status: 0
 success: True
       x: array([71404.35963853, 68530.66661746, 65654.68432429, 62774.56477889,
       59947.97351209, 57233.88885674, 54667.73999257, 52283.40426518,
       50071.85601513, 48029.71906628, 46150.94577579, 44425.96306987,
       42836.267623  , 41375.78524639, 40037.57830276, 38808.99094827,
       37698.65446161, 36732.92974627, 35942.72565017, 35395.46756507,
       35162.40308763, 35285.05468272, 35809.7264994 , 36639.81969918,
       37684.01676318, 38841.76974548, 40048.307114  , 41223.51270765,
       42288.80901579, 43189.89909482, 43870.06891541, 44284.17428993,
       44394.07225356, 44158.50751314, 43644.55581582, 42927.83004354,
       42076.11978231, 41164.17540563, 40254.86298913, 39401.57678761,
       38663.3397174 , 38108.56866975, 37786.80033344, 37732.5397473 ,
       37974.41892924, 38542.96764406, 39385.0491748 , 40452.21917111,
       41725.23454457, 43127.57135198, 44576.10697432, 45988.83832078,
       47327.36790619, 48555.93943366, 49655.32133238, 50601.64955492,
       51372.01299609, 51930.9061734 , 52243.05819043, 52294.41938819,
       52074.95399221, 51617.75153811, 50960.13781417, 50141.0332454 ,
       49183.35060184, 48093.94168727, 46879.96862935, 45559.63869454,
       44161.68125163, 42722.2287376 , 41280.01623688, 39859.24745814,
       38484.72503836, 37158.8983031 , 35886.68455453, 34656.94537359,
       33493.5959074 , 32428.98438961, 31453.25828868, 30541.51356328,
       29664.60360247, 28804.02054896, 27951.72091933, 27103.77504634,
       26257.86238148, 25453.87826955, 24735.65107884, 24155.35640561,
       23763.28962462, 23611.30140275, 23716.34147953, 24098.76584065,
       24728.14097907, 25576.66818985, 26606.53230414, 27777.02100495,
       29044.6474704 , 30362.54837868, 31683.18884513, 32969.76411361,
       34186.81359003, 35259.8010865 , 36112.80757016, 36667.8681498 ,
       36847.29063754, 36574.40385709, 35819.7458272 , 34552.80704371,
       32911.82142412, 31038.53475249, 29073.9005899 , 27157.62249799,
       25430.26171088, 23970.69498632, 22859.25842116, 22085.47482748,
       21639.32788753, 21515.7052656 , 21714.74155001, 22238.37228391,
       23028.19112042, 24026.00236373, 25174.1316418 , 26403.25560049,
       27637.74830678, 28802.05490468, 29858.68360041, 30771.70288066,
       31492.30116731, 31971.89368934, 32223.54285171, 32260.43410933,
       32079.91283696, 31679.92189249, 31079.28146037, 30291.94159802,
       29335.80068921, 28243.67620449, 27051.34435924, 25791.30349997,
       24498.0547754 , 23208.85046426, 21952.25388678, 20742.47316769,
       19586.98059699, 18493.07513844, 17471.69811798, 16545.27689661,
       15750.15250098, 15123.9596367 , 14656.87478285, 14344.48262651,
       14167.22239276, 14093.42973346, 14105.47387432, 14187.99812297,
       14313.51210874, 14459.37341823, 14621.29433573, 14802.68720494,
       15000.9695541 , 15207.58533147, 15410.78557617, 15591.56526154,
       15721.53894367, 15768.50142695, 15701.45145758, 15492.58077129,
       15232.84253841, 14916.10377773, 14563.81110782, 14202.65143218,
       13853.21003228, 13503.80948556, 13166.25840237, 12856.05980643,
       12580.85607973, 12345.39146411, 12157.77129847, 12027.92249863,
       11963.25505282, 11968.47850493, 12046.53880753, 12196.91871581,
       12413.50793401, 12685.08180263, 12997.69124048, 13336.81637596,
       13688.909166  , 14043.04204143, 14392.28459799, 14733.86864339,
       15068.38350899, 15398.81685487, 15729.4989124 , 16064.59669028,
       16406.69175654, 16756.16575961, 17111.45162281, 17469.58106037])
mle fitted Ne trajectory: [71404.35963853 68530.66661746 65654.68432429 62774.56477889
 59947.97351209 57233.88885674 54667.73999257 52283.40426518
 50071.85601513 48029.71906628 46150.94577579 44425.96306987
 42836.267623   41375.78524639 40037.57830276 38808.99094827
 37698.65446161 36732.92974627 35942.72565017 35395.46756507
 35162.40308763 35285.05468272 35809.7264994  36639.81969918
 37684.01676318 38841.76974548 40048.307114   41223.51270765
 42288.80901579 43189.89909482 43870.06891541 44284.17428993
 44394.07225356 44158.50751314 43644.55581582 42927.83004354
 42076.11978231 41164.17540563 40254.86298913 39401.57678761
 38663.3397174  38108.56866975 37786.80033344 37732.5397473
 37974.41892924 38542.96764406 39385.0491748  40452.21917111
 41725.23454457 43127.57135198 44576.10697432 45988.83832078
 47327.36790619 48555.93943366 49655.32133238 50601.64955492
 51372.01299609 51930.9061734  52243.05819043 52294.41938819
 52074.95399221 51617.75153811 50960.13781417 50141.0332454
 49183.35060184 48093.94168727 46879.96862935 45559.63869454
 44161.68125163 42722.2287376  41280.01623688 39859.24745814
 38484.72503836 37158.8983031  35886.68455453 34656.94537359
 33493.5959074  32428.98438961 31453.25828868 30541.51356328
 29664.60360247 28804.02054896 27951.72091933 27103.77504634
 26257.86238148 25453.87826955 24735.65107884 24155.35640561
 23763.28962462 23611.30140275 23716.34147953 24098.76584065
 24728.14097907 25576.66818985 26606.53230414 27777.02100495
 29044.6474704  30362.54837868 31683.18884513 32969.76411361
 34186.81359003 35259.8010865  36112.80757016 36667.8681498
 36847.29063754 36574.40385709 35819.7458272  34552.80704371
 32911.82142412 31038.53475249 29073.9005899  27157.62249799
 25430.26171088 23970.69498632 22859.25842116 22085.47482748
 21639.32788753 21515.7052656  21714.74155001 22238.37228391
 23028.19112042 24026.00236373 25174.1316418  26403.25560049
 27637.74830678 28802.05490468 29858.68360041 30771.70288066
 31492.30116731 31971.89368934 32223.54285171 32260.43410933
 32079.91283696 31679.92189249 31079.28146037 30291.94159802
 29335.80068921 28243.67620449 27051.34435924 25791.30349997
 24498.0547754  23208.85046426 21952.25388678 20742.47316769
 19586.98059699 18493.07513844 17471.69811798 16545.27689661
 15750.15250098 15123.9596367  14656.87478285 14344.48262651
 14167.22239276 14093.42973346 14105.47387432 14187.99812297
 14313.51210874 14459.37341823 14621.29433573 14802.68720494
 15000.9695541  15207.58533147 15410.78557617 15591.56526154
 15721.53894367 15768.50142695 15701.45145758 15492.58077129
 15232.84253841 14916.10377773 14563.81110782 14202.65143218
 13853.21003228 13503.80948556 13166.25840237 12856.05980643
 12580.85607973 12345.39146411 12157.77129847 12027.92249863
 11963.25505282 11968.47850493 12046.53880753 12196.91871581
 12413.50793401 12685.08180263 12997.69124048 13336.81637596
 13688.909166   14043.04204143 14392.28459799 14733.86864339
 15068.38350899 15398.81685487 15729.4989124  16064.59669028
 16406.69175654 16756.16575961 17111.45162281 17469.58106037]
