On host cbsubscb09.biohpc.cornell.edu
Tue Apr  7 16:19:45 EDT 2020
bootstrap for bin 0
bootstrap for bin 1
bootstrap for bin 2
bootstrap for bin 3
bootstrap for bin 4
bootstrap for bin 5
bootstrap for bin 6
bootstrap for bin 7
bootstrap for bin 8
bootstrap for bin 9
bootstrap for bin 10
bootstrap for bin 11
bootstrap for bin 12
bootstrap for bin 13
bootstrap for bin 14
bootstrap for bin 15
bootstrap for bin 16
bootstrap for bin 17
obj evaluated at ref Ne is: 1367889.0280750152
N_eff: [1943033.64441729 1991768.12421836 2055489.90435294 2013302.29233089
 1991146.00539791 2033620.73955706 2025098.34563996 1970467.54636392
 2015266.02772133 2005620.52846743 1991559.08446326 2026096.6865939
 1819176.78693323 1792729.57121986 1486131.26094915 1168373.96940122
 1035857.41395658  499145.90110667]
value of obj function at random start: 95923736.21594015
      fun: 1571730.4253165883
 hess_inv: <200x200 LbfgsInvHessProduct with dtype=float64>
      jac: array([-0.30267984,  0.37252903, -0.13969839, -0.11641532,  0.30267984,
       -0.48894435, -0.83819032,  0.53551048,  0.23283064,  0.        ,
       -0.09313226, -1.18743628,  0.44237822,  0.37252903, -0.62864274,
        0.58207661, -0.23283064, -0.48894435, -0.37252903,  0.79162419,
       -0.6519258 ,  0.55879354, -0.18626451, -0.16298145, -1.42026693,
        1.55996531, -0.69849193,  0.58207661, -0.41909516, -0.62864274,
       -0.20954758,  0.79162419, -0.41909516, -0.09313226,  0.04656613,
       -0.23283064,  0.02328306, -0.53551048,  0.69849193, -0.27939677,
        0.02328306, -0.6519258 ,  0.18626451, -0.30267984,  0.79162419,
       -1.0477379 ,  0.53551048, -0.41909516, -0.06984919, -0.60535967,
        0.53551048, -0.30267984,  0.13969839, -0.27939677,  0.04656613,
       -0.69849193,  0.41909516,  0.11641532, -0.06984919, -0.6519258 ,
       -0.20954758, -0.23283064,  1.02445483, -1.07102096,  0.53551048,
       -0.79162419,  0.34924597, -0.41909516,  0.3259629 , -0.25611371,
       -0.25611371, -0.27939677, -0.04656613,  0.13969839,  0.09313226,
       -0.09313226, -0.93132257,  0.6519258 , -0.3259629 , -0.25611371,
        0.37252903, -0.41909516, -0.51222742,  0.55879354, -0.37252903,
        0.02328306, -0.27939677, -0.30267984,  0.27939677,  0.02328306,
       -0.55879354, -0.06984919, -0.34924597,  0.62864274,  0.02328306,
       -0.6519258 , -0.11641532,  0.20954758, -0.23283064, -0.20954758,
        0.20954758, -0.25611371, -0.23283064,  0.02328306, -0.30267984,
       -0.18626451,  0.51222742, -0.90803951,  0.69849193, -0.20954758,
       -0.69849193, -0.23283064,  0.81490725, -0.74505806,  0.18626451,
        0.        , -0.53551048, -0.18626451,  0.34924597, -0.30267984,
        0.41909516, -0.83819032, -0.44237822,  0.62864274, -0.04656613,
       -0.69849193,  0.18626451, -0.25611371,  0.39581209, -0.69849193,
        0.13969839,  0.09313226, -0.30267984, -0.37252903,  0.27939677,
       -0.37252903,  0.18626451, -0.30267984,  0.13969839, -0.04656613,
        0.        , -0.86147338,  0.58207661,  0.3259629 , -1.02445483,
        0.37252903, -0.25611371, -0.06984919, -0.30267984,  0.06984919,
        0.11641532,  0.04656613, -0.79162419,  0.11641532,  0.02328306,
        0.39581209, -0.41909516, -0.3259629 ,  0.18626451, -0.58207661,
        0.86147338, -0.58207661,  0.58207661, -0.74505806,  0.        ,
        0.18626451,  0.02328306,  0.04656613, -0.02328306,  0.09313226,
       -0.30267984, -0.30267984,  0.58207661,  0.13969839, -0.48894435,
       -0.02328306,  0.39581209, -0.39581209,  0.44237822, -0.76834112,
        0.51222742,  0.16298145, -0.46566129,  0.44237822, -0.27939677,
       -0.16298145,  0.23283064,  0.25611371, -0.62864274,  0.3259629 ,
        0.23283064, -0.41909516, -0.06984919,  0.79162419, -0.81490725,
        0.23283064, -0.16298145, -0.04656613,  0.53551048, -0.34924597])
  message: b'CONVERGENCE: REL_REDUCTION_OF_F_<=_FACTR*EPSMCH'
     nfev: 195171
      nit: 708
   status: 0
  success: True
        x: array([53170.92148243, 54437.00970144, 55687.51571178, 56925.01875433,
       58149.25851246, 59358.13316718, 60568.972312  , 61780.18384659,
       62952.67459222, 64077.83962938, 65163.9693904 , 66224.75833688,
       67274.80790117, 68275.86051766, 69215.18355616, 70102.05025026,
       70917.91097756, 71676.96116676, 72386.10393889, 73031.944042  ,
       73586.88878523, 74066.60794852, 74458.39305491, 74781.76929235,
       75051.12121215, 75278.34644503, 75408.7434591 , 75469.31689618,
       75455.51519874, 75395.26990779, 75299.16146565, 75150.15245279,
       74924.26551695, 74641.18987372, 74303.36540516, 73912.54110854,
       73476.23797885, 72994.12601465, 72471.08010518, 71889.01299374,
       71268.77849542, 70620.87289966, 69960.99725333, 69276.00292439,
       68566.12366614, 67820.64839754, 67072.82721683, 66308.01292792,
       65542.31508365, 64775.78568829, 64010.48946235, 63223.53249095,
       62423.5463581 , 61609.52238884, 60792.04900648, 59972.81530407,
       59161.17437971, 58336.80927284, 57505.26631336, 56683.30950689,
       55889.66447799, 55115.15687941, 54344.89081258, 53557.87528287,
       52789.73307477, 52027.12297884, 51288.96322504, 50559.36522524,
       49845.22878956, 49138.05660972, 48451.30739097, 47790.4562981 ,
       47152.79593147, 46527.10304266, 45904.90841495, 45289.75884069,
       44695.52159223, 44136.58685905, 43586.25219233, 43055.11022774,
       42542.53881906, 42039.75761407, 41561.97362631, 41108.13478884,
       40656.52684445, 40218.06463173, 39790.24569648, 39377.22994952,
       38974.43756181, 38567.10037647, 38159.13479136, 37760.98706486,
       37360.79563719, 36948.08560012, 36499.96925049, 36030.61310696,
       35559.8913454 , 35080.73781788, 34585.33270641, 34081.69205771,
       33571.33463867, 33049.85508675, 32528.36688686, 32010.84411768,
       31495.00134358, 30984.84780767, 30474.0505132 , 29952.36635581,
       29440.54194044, 28919.18712919, 28409.29619647, 27926.84540224,
       27458.52615925, 26984.36819625, 26530.01219776, 26089.34547747,
       25670.55809846, 25287.19358852, 24931.43789003, 24591.02505338,
       24276.44682451, 23987.68666995, 23750.88695669, 23555.453436  ,
       23374.12372032, 23216.19365913, 23094.08278648, 22990.80726144,
       22904.08808358, 22823.74194029, 22764.45810052, 22710.68618402,
       22659.02928632, 22616.25181638, 22579.26810745, 22531.47462117,
       22475.06107582, 22398.58802554, 22304.68875531, 22185.75167949,
       22046.56614877, 21894.32572913, 21741.63732421, 21563.04800528,
       21367.56292645, 21185.98472954, 21003.43156259, 20828.614254  ,
       20662.85010644, 20509.12467724, 20360.75524491, 20219.41432076,
       20097.68161078, 20015.4374268 , 19957.80971621, 19921.2464132 ,
       19908.29187236, 19945.95839559, 20045.11627496, 20205.76173701,
       20437.15434822, 20719.97361095, 21078.73370399, 21509.21537314,
       22036.18927277, 22647.1192202 , 23330.19975386, 24083.42481441,
       24906.03853645, 25800.01665381, 26766.52258349, 27811.58426917,
       28926.31983137, 30087.73733312, 31302.34628765, 32583.57320406,
       33920.3020968 , 35300.45921252, 36732.20259213, 38203.88057672,
       39726.73503333, 41274.45669144, 42846.51092425, 44451.31954097,
       46074.34783346, 47724.13599394, 49395.42540165, 51075.78095079,
       52764.96274111, 54475.73340582, 56189.48783298, 57904.13389578,
       59630.11583222, 61357.7642162 , 63074.53801573, 64807.52813445,
       66544.01067332, 68282.85377263, 70015.31681334, 71730.69633462])
mle fitted Ne trajectory: [53170.92148243 54437.00970144 55687.51571178 56925.01875433
 58149.25851246 59358.13316718 60568.972312   61780.18384659
 62952.67459222 64077.83962938 65163.9693904  66224.75833688
 67274.80790117 68275.86051766 69215.18355616 70102.05025026
 70917.91097756 71676.96116676 72386.10393889 73031.944042
 73586.88878523 74066.60794852 74458.39305491 74781.76929235
 75051.12121215 75278.34644503 75408.7434591  75469.31689618
 75455.51519874 75395.26990779 75299.16146565 75150.15245279
 74924.26551695 74641.18987372 74303.36540516 73912.54110854
 73476.23797885 72994.12601465 72471.08010518 71889.01299374
 71268.77849542 70620.87289966 69960.99725333 69276.00292439
 68566.12366614 67820.64839754 67072.82721683 66308.01292792
 65542.31508365 64775.78568829 64010.48946235 63223.53249095
 62423.5463581  61609.52238884 60792.04900648 59972.81530407
 59161.17437971 58336.80927284 57505.26631336 56683.30950689
 55889.66447799 55115.15687941 54344.89081258 53557.87528287
 52789.73307477 52027.12297884 51288.96322504 50559.36522524
 49845.22878956 49138.05660972 48451.30739097 47790.4562981
 47152.79593147 46527.10304266 45904.90841495 45289.75884069
 44695.52159223 44136.58685905 43586.25219233 43055.11022774
 42542.53881906 42039.75761407 41561.97362631 41108.13478884
 40656.52684445 40218.06463173 39790.24569648 39377.22994952
 38974.43756181 38567.10037647 38159.13479136 37760.98706486
 37360.79563719 36948.08560012 36499.96925049 36030.61310696
 35559.8913454  35080.73781788 34585.33270641 34081.69205771
 33571.33463867 33049.85508675 32528.36688686 32010.84411768
 31495.00134358 30984.84780767 30474.0505132  29952.36635581
 29440.54194044 28919.18712919 28409.29619647 27926.84540224
 27458.52615925 26984.36819625 26530.01219776 26089.34547747
 25670.55809846 25287.19358852 24931.43789003 24591.02505338
 24276.44682451 23987.68666995 23750.88695669 23555.453436
 23374.12372032 23216.19365913 23094.08278648 22990.80726144
 22904.08808358 22823.74194029 22764.45810052 22710.68618402
 22659.02928632 22616.25181638 22579.26810745 22531.47462117
 22475.06107582 22398.58802554 22304.68875531 22185.75167949
 22046.56614877 21894.32572913 21741.63732421 21563.04800528
 21367.56292645 21185.98472954 21003.43156259 20828.614254
 20662.85010644 20509.12467724 20360.75524491 20219.41432076
 20097.68161078 20015.4374268  19957.80971621 19921.2464132
 19908.29187236 19945.95839559 20045.11627496 20205.76173701
 20437.15434822 20719.97361095 21078.73370399 21509.21537314
 22036.18927277 22647.1192202  23330.19975386 24083.42481441
 24906.03853645 25800.01665381 26766.52258349 27811.58426917
 28926.31983137 30087.73733312 31302.34628765 32583.57320406
 33920.3020968  35300.45921252 36732.20259213 38203.88057672
 39726.73503333 41274.45669144 42846.51092425 44451.31954097
 46074.34783346 47724.13599394 49395.42540165 51075.78095079
 52764.96274111 54475.73340582 56189.48783298 57904.13389578
 59630.11583222 61357.7642162  63074.53801573 64807.52813445
 66544.01067332 68282.85377263 70015.31681334 71730.69633462]
